17823	60809	42026	14754	45414	44192	34375	43820	29375	29658	24885	45957	64185	27498	55266	37262
17637	60656	41949	14628	44971	44535	34256	42546	28950	29218	24310	44363	61708	27461	53718	36975
17838	61551	42261	14762	45343	44039	34245	42866	29006	29827	24545	44900	63087	27483	55679	37324
18124	65111	43371	14988	46888	45920	35152	44971	30024	30743	25124	47600	67333	28309	57197	38729
18020	62924	42435	14835	46325	45540	34894	44414	29981	30441	24885	46586	65990	27804	55010	37860
17429	58365	41126	14538	43470	43371	34009	41871	28725	29879	24214	42947	60233	26833	51903	35902
17246	56044	40031	14428	41733	41473	32929	40652	27834	28606	23838	42371	57831	26579	51138	35209
17950	60626	42387	14773	45720	43820	34517	43093	29317	29516	24649	45183	63251	27528	55163	37489
17845	61645	42104	14713	45738	45129	34616	42802	29591	29785	24485	44466	63251	27557	53694	37400
17740	60173	41549	14773	45129	44107	34583	43753	29709	30214	24779	45378	63549	27315	54208	37224
17762	60053	41702	14773	45361	44124	34705	43686	29913	30627	24798	45343	63782	27366	54085	37124
18042	62567	43012	14903	46568	45576	35680	44778	30494	30565	25509	46549	66276	27993	56763	37873
17910	61708	43355	14898	45378	45200	35820	44414	30076	30565	25457	46344	64731	28162	56790	37149
17665	58450	40506	14617	44363	43289	34041	42609	29591	30119	24521	44107	62151	27011	52550	36341
17626	59344	40947	14599	43904	43669	34191	42042	29533	30310	24564	44432	62374	27358	52457	36546
17266	56548	39959	14365	42498	42230	33775	40784	29128	29383	24286	42261	60474	26748	50500	35186
17637	57999	40755	14498	43586	42657	33482	40696	29006	29566	24019	42340	60595	26925	51540	36317
17712	59285	40652	14633	44022	42673	33786	41794	29466	29785	24310	43938	62439	27097	52855	36365
17552	59696	41610	14593	43174	43305	34638	41702	29325	29350	24866	43669	62697	27388	54036	36269
18394	65848	43770	15133	47697	46493	36020	44988	31096	31178	25509	47078	68727	28472	58308	38850
18120	63749	42979	15027	46474	46474	36055	45183	30978	30923	25502	47193	67111	28100	55835	38264
17987	61834	42230	14830	45957	45396	35175	43060	30336	31344	24804	44674	63950	27721	53840	37565
17925	60053	42403	14881	45236	44500	35323	43454	30084	30275	24978	44639	63317	27654	54858	37149
17969	62214	43077	14900	46177	45343	35843	43158	30565	30932	25130	44656	65215	27887	55112	37514
17845	61960	42562	14802	45289	45361	35878	43470	30806	30959	25347	45041	65777	28047	54307	36987
17733	59431	41488	14732	43669	43719	34583	42403	29658	30654	24835	43938	61960	27557	53596	36138
17601	58937	41458	14703	43404	43636	34961	42419	29794	30319	25054	43988	61960	27351	53621	36079
17218	55757	39988	14488	42011	42277	34020	40873	28926	29785	24364	41610	57748	26489	51138	34671
17301	56282	39974	14386	41794	42042	33881	40477	28966	28998	24472	42104	59461	26762	51405	34983
17719	59934	41980	14759	44449	44535	35575	43028	30672	31243	25302	44226	64017	27483	53427	36583
18383	64355	43653	15181	48231	47002	37237	45847	31927	31142	25924	47251	67592	28324	57526	38770
18356	63749	44158	15184	47736	46643	37350	46270	31756	31502	26065	47541	68004	28465	57915	38850
18064	61054	42419	14947	45738	44674	35334	43736	30538	31353	25321	44988	64525	27617	55939	37540
17980	44552	40346	14808	46140	45343	31737	44107	29904	30188	25092	45076	64834	25130	54357	37425
16991	28449	37718	13657	44813	44056	28208	40521	28355	28622	25168	43887	61333	21175	54507	35483
14100	13324	32100	10403	42882	37718	20896	30153	26241	26344	25168	43988	49248	13244	50982	30371
11959	9782.4	28543	8685.4	38489	30690	16703	25315	24436	24545	24785	43125	40977	10224	44570	28678
9134.1	6771.5	23861	6801.6	28504	18444	11639	19172	21621	21204	24742	43870	31078	7758.5	33733	26317
8062.1	5896.6	21740	6139.7	21977	13583	9869.6	16249	19237	18784	24292	41825	26379	6830	28678	24491
6998.2	5085.9	19200	5336.4	14783	8896.9	7988.3	13182	16259	16141	23653	41810	21314	5718.7	21861	23169
6650	4874.2	18333	5070.2	12313	7498.5	7468.9	12178	15033	14636	24202	44192	19610	5415.3	19435	22966
6136.3	4568.7	16334	4673.4	9234.4	5806.9	6504.1	10058	12549	12441	23037	44073	16544	4916.9	14681	21886
5845.6	4451.5	15423	4465.8	8002.1	5245.4	6044.2	8861.4	11213	11313	21866	41825	15066	4675.9	12557	20845
5538.6	4348.8	13903	4164.7	6732.3	4662.8	5371.7	7392.3	9576.1	9595	19913	41037	13175	4386.3	9862	20065
5459.3	4403.4	13585	4071.1	6296	4529.1	5122.2	6709	8867.9	8953.8	19389	41096	12602	4369.8	9011.1	20140
5235.5	4350.5	12540	3883.3	5652.6	4309.3	4701	5632.1	7871.2	7930	17577	39232	11470	4222.8	7687	19274
5123.5	4324.3	11851	3763.7	5353	4165.8	4424.1	5050.5	7292.1	7468.9	16054	37161	10879	4124	7146.3	18800
4947.3	4330.7	10917	3580.9	4989.9	4067.8	4184.4	4366.3	6632.5	6587	14288	35039	10213	4070	6621.6	18299
4979.9	4423.5	10740	3583.3	4941.3	4095.3	4105.2	4114.6	6448	6564.3	13571	35680	10072	4087	6505.8	18597
4846.2	4417.6	10089	3472.4	4713.6	4031.8	3950.5	3639.4	5961	5982.1	11894	33173	9571.7	4061.2	6313.2	18112
4691.6	4315.1	9364.3	3314.1	4455.7	3881.7	3782.6	3385.7	5635.1	5664.9	10694	29667	9051.4	3963.3	6084.7	17201
4587.8	4324.9	8811.8	3233.5	4329.6	3882.8	3701.4	3126.8	5349.4	5295.7	9325	27140	8739.3	3971.3	5993.5	16918
4625.4	4419.4	8668.9	3220.9	4301.2	3905.9	3692.3	3036.6	5312.8	5240.5	8841.8	27483	8801.4	4049.2	6049.2	17249
4521.2	4453.3	8212.5	3144.3	4208	3881.2	3619.7	2855.4	5117.4	5217.3	7789.5	25060	8530.2	4021.5	5969.1	16911
4593.3	4520	8141.6	3162.4	4203	3908.6	3658.8	2838	5068.8	5016.1	7399.6	25283	8594.1	4118.5	6124.6	17370
4511.6	4571.8	7768.4	3107.2	4131.2	3912.8	3612.8	2718.8	4938.7	4958.6	6509.4	22955	8403	4109.6	6059.9	17222
4399.3	4471.8	7336.3	3014.5	4039.9	3832.7	3519.8	2607.5	4741.5	4701	5982.1	21261	8161.6	4037.2	5900.6	16474
4356.4	4482.6	6995.3	2953.9	3941.4	3797.5	3494.3	2540.8	4647.2	4552.9	5397.1	19750	8036.6	4071.6	5910.2	16228
4298.9	4509.1	6883.3	2951.4	3915.4	3812.5	3481.4	2507.7	4609.3	4698.5	5119.4	18777	7938	4072.7	5910.2	16200
4241.5	4521.8	6589.7	2905.8	3887	3815.1	3463.3	2450.8	4495.3	4560.8	4708.6	17594	7848.7	4077.7	5899.8	15996
4304.7	4609.9	6549	2921.9	3920.7	3830.6	3490.5	2474.5	4545.5	4573.6	4568.1	17598	7960.8	4159.7	6003.2	16512
4273	4645.3	6287.4	2863.6	3867	3837.3	3464.3	2415.9	4444.3	4383.3	4238.7	16407	7955.1	4204.7	5978.8	16184
4193.9	4570	6069.8	2833.1	3853.5	3802.2	3419.9	2377.9	4378.1	4379.8	4073.8	15574	7755.1	4125.7	5902.2	15969
4169.8	4628.5	5898.2	2804.5	3825.4	3773.9	3384.3	2347.3	4312.2	4279.3	3852.9	14652	7772.9	4189.4	5944.8	15908
4188.9	4690.3	5847.2	2790.9	3842	3832.7	3439.7	2360.8	4312.8	4239.8	3810.4	14519	7903.9	4252.9	5985.3	15999
4124	4693.5	5658	2771	3821.3	3817.1	3401.1	2332.5	4284.5	4332.5	3652.8	13557	7830.8	4257.5	5969.1	15899
4050.8	4643.4	5498.4	2734.9	3782.1	3778.5	3354.6	2298.8	4189.4	4234.7	3528.4	12915	7672.8	4218.8	5899	15519
4049.2	4711.1	5378.3	2690.3	3745.9	3774.9	3359.2	2276.6	4127.3	4088.6	3429.3	12391	7772.9	4284.5	5906.2	15383
4023.6	4702.9	5319.2	2705.9	3781.1	3791.3	3350.5	2280	4149.1	4198.4	3378.7	12037	7722.1	4290.8	5925.4	15507
4039.4	4782.3	5160.8	2667	3781.6	3807.8	3342.6	2259.3	4077.7	4021.5	3291.3	11639	7797.3	4331.3	5919	15519
3952.6	4677.8	5020.8	2620.1	3704.9	3723.6	3290.4	2223.9	3985.3	3910.1	3223.2	11154	7630.4	4278.2	5840.8	14991
3958	4746.6	4950.6	2627	3767.3	3745.9	3280.4	2227	4015	3969.7	3154.4	10737	7733.1	4330.7	5897.4	15111
3995.5	4800.3	4914.9	2637.7	3837.3	3821.3	3341.2	2248.9	4029.6	3991.2	3185.3	10742	7816.2	4368.1	5968.3	15566
3976.2	4869.6	4844.9	2618.2	3830.6	3834.2	3333.9	2232.4	3998.7	3961.2	3151.4	10375	7938	4442.5	6024.5	15490
3960.6	4859.9	4819	2624.3	3854	3822.3	3321.5	2238.9	4026.3	4066.1	3132.5	10205	7986	4480.8	6048.3	15536
3919.7	4880.7	4716.8	2596.5	3844.1	3814	3294.5	2217.1	3962.8	3980.5	3055	9733.2	7903.9	4486.8	5994.3	15400
3903.8	4912.2	4671.5	2585.9	3850.9	3822.3	3311.4	2230	3966.5	3920.2	3063.6	9644.7	8015.9	4526.7	6040.1	15323
3905.9	4945.3	4591.5	2572.7	3879.6	3850.9	3317.8	2220.8	3920.7	3854.5	3029.4	9360.1	8041.3	4508.5	5999.2	15432
3960.6	5032.2	4595.8	2586.3	3929.7	3880.1	3339.4	2245.5	3957.4	3897.5	3049.9	9422.3	8231.5	4596.4	6108.8	15824
3885.9	4986.6	4495.3	2562.5	3903.8	3849.3	3316.9	2228.3	3905.4	3852.9	3012	9073	8198.2	4609.3	6100.5	15458
3827	4957.2	4419.9	2521.4	3889.6	3830.6	3289	2201.7	3871.2	3838.4	2951.8	8720	8093.5	4561.4	5977.2	15072
3818.7	4973.2	4344.7	2522.5	3923.4	3827.5	3259.6	2192.9	3857.1	3916	2955.6	8555.2	8139.2	4601.9	6051.6	15158
3831.6	5003.3	4330.2	2525.9	3971.9	3865.5	3295	2206.2	3856.1	3930.3	2971.9	8535.2	8200.6	4630.4	6080.5	15357
3842.5	5058	4284.5	2521.8	4007.9	3874.4	3294.5	2212.3	3853.5	3899.6	2964.8	8403	8330	4652.1	6132.1	15467
3829	5102.3	4259.8	2520.7	4043.7	3908.6	3288.6	2208.5	3844.1	3942	2932.3	8219.6	8334.8	4662.8	6109.6	15490
3815.1	5153.2	4263.8	2525.9	4065.6	3898.5	3315	2222.2	3846.2	3784.2	2928.1	8079.6	8473.1	4730.1	6158.1	15487
3757.1	5098.2	4188.9	2487.8	4003.6	3850.3	3273.2	2203.8	3798.5	3768.3	2902.5	7924.3	8410.3	4705.4	6123	15119
3756.5	5143.5	4153.5	2468.7	4038.3	3854.5	3263.2	2186.8	3774.9	3776.5	2875.8	7721	8481.7	4732.6	6111.3	15111
3770.8	5186.5	4123.5	2492.5	4104.1	3885.9	3270.4	2207.9	3801.1	3874.4	2901.7	7769.5	8555.2	4755.5	6175	15415
3753	5206.1	4106.8	2477.1	4132.3	3899.6	3268.6	2193.6	3774.4	3829	2870.9	7544.3	8582.8	4779.8	6185.1	15363
3788.8	5264.5	4095.8	2468.3	4142.9	3908.6	3294	2210.2	3768.3	3730.6	2892.6	7618.5	8718.7	4807.4	6217.3	15461
3766.8	5307.1	4064.5	2461	4198.4	3957.4	3311.8	2215.4	3784.7	3736.7	2900.9	7491.1	8823.5	4828.7	6229.2	15499
3665.8	5186.5	3991.2	2429	4116.3	3863.9	3247.4	2189.5	3720	3694.8	2833.9	7220.8	8625.7	4758	6128.8	14846
3693.8	5222.2	3933.5	2418.1	4183.2	3871.2	3225.9	2169.3	3689.8	3835.8	2829.1	7149.3	8685.4	4762.5	6164.9	15038
3719	5297.8	3960.6	2434.8	4258.1	3944.1	3284.5	2200.4	3727.1	3766.2	2859.1	7189.5	8785.8	4817.7	6225.8	15351
3677.3	5306.4	3960.6	2432.6	4254.7	3907.5	3265.5	2206.8	3717.5	3714.5	2844.5	7073.8	8902.1	4868.3	6262.5	15105
3716.5	5392	3967.6	2443.8	4323.8	3946.2	3266.8	2213.6	3730.1	3722.5	2833.9	7061.9	9038	4889.3	6286.5	15432
3723	5439.4	3946.8	2432.2	4391	3992.3	3292.2	2212.6	3712.4	3798.5	2847.3	6993.3	9081.1	4912.2	6319.3	15604
3688.8	5454.1	3931.3	2409.5	4352.9	3962.8	3289	2203.8	3680.8	3634	2835.1	6921.6	9146.4	4903.7	6277	15289
3687.8	5457	3910.1	2411.6	4408.1	3956.9	3286.8	2226.3	3705.4	3657.8	2838	6888	9260.8	4920.2	6307.2	15317
3722	5540.1	3925	2441.7	4491	3996.6	3302.3	2235.5	3716.5	3807.8	2854.2	6908.2	9346	4975.2	6439.1	15686
3695.8	5573	3933.5	2420.3	4510.9	4036.7	3346.3	2247.5	3714	3657.8	2854.6	6827.1	9445.1	4985.9	6399.5	15583
3722	5615.3	3945.2	2438.4	4551	4026.9	3333.4	2253	3723.6	3700.4	2847.3	6830	9565.9	5035.6	6469.3	15716
3715	5648.1	3914.9	2430.4	4609.3	4043.2	3323.8	2258.9	3734.7	3705.9	2845.3	6785.6	9687.3	5060	6472.8	15773
3643.9	5548.3	3859.2	2398.3	4549.2	3989.1	3291.8	2245.5	3678.8	3674.8	2820.2	6659.2	9519.7	4964.5	6384.6	15317
3655.8	5576.8	3849.3	2407.7	4649	4026.9	3307.7	2250.3	3682.3	3801.6	2829.9	6620.7	9551.4	4987.2	6452.4	15534
3658.8	5674.8	3882.8	2406.2	4664	4056.3	3339.4	2267.9	3678.3	3664.3	2823	6602.4	9712.5	5022.1	6456	15598
3674.8	5674.8	3861.3	2407.3	4750.4	4053.6	3319.6	2264.8	3698.3	3785.2	2833.5	6587	9794.3	5046.4	6519.3	15698
3698.8	5801.4	3913.8	2432.6	4799	4117.4	3360.2	2299.5	3708.4	3689.8	2835.5	6617.9	9994.7	5096.8	6562.5	15950
3683.8	5833.7	3910.1	2404.8	4825.5	4119	3384.8	2298.5	3698.3	3639.4	2860.3	6595.1	10092	5127.7	6611.5	15839
3655.8	5792	3858.2	2392.9	4845.5	4109.6	3341.7	2264.1	3663.3	3787.2	2815.8	6460.4	9938	5071.6	6533.7	15707
3657.3	5819.5	3851.4	2386.8	4885.3	4125.1	3357.4	2281.4	3669.3	3692.3	2830.7	6449.8	10077	5078.4	6571.6	15734
3670.8	5851.1	3859.7	2394	4931.4	4131.8	3374.5	2290.5	3663.3	3648.4	2833.5	6466.6	10092	5085.9	6598.8	15875
3659.3	5879.8	3870.2	2399	4967.9	4129	3348.1	2297.4	3675.8	3762.7	2829.9	6438.2	10251	5147.7	6659.2	15782
3685.8	5976.4	3910.1	2416.7	5054.6	4200.7	3403.9	2311.8	3694.8	3799.6	2857.1	6456	10388	5176.1	6742.5	16125
3681.3	6050	3932.4	2419.9	5093.4	4197.9	3407.2	2336.7	3698.8	3679.3	2836.4	6437.4	10547	5217.3	6753.7	16128
3731.1	6124.6	3954.8	2428.2	5171.2	4251.8	3453.4	2356.5	3725.6	3674.8	2889.3	6556.2	10774	5279.3	6849.9	16448
3729.6	6173.3	3968.1	2432.6	5225.7	4254.1	3450.1	2366.9	3725.1	3662.3	2874.6	6515.7	10895	5283.6	6873.7	16464
3741.3	6177.5	3950	2435.5	5294.3	4277	3468.6	2378.3	3735.7	3725.1	2880.7	6522	10863	5257.4	6865.1	16658
3736.2	6234.3	3984.2	2445.3	5358.8	4282.7	3448.2	2381.8	3753	3756	2860.7	6463.9	11073	5325.7	6929.3	16693
3666.3	6144.7	3909.6	2396.9	5273.7	4247.8	3412.4	2336	3662.3	3781.1	2837.2	6335.8	10754	5214.5	6815.8	16137
3657.8	6191.8	3922.8	2396.5	5320.7	4251.8	3434.5	2381.5	3688.3	3689.3	2826.3	6361.9	10924	5222.2	6791.2	16088
3689.8	6242	3942	2401.9	5397.8	4292.5	3456.7	2375.8	3705.9	3724.1	2849.3	6375.8	11061	5249.6	6834.7	16337
3696.8	6271.9	3939.8	2407.3	5455.6	4292.5	3459.1	2386.1	3693.8	3667.8	2843.7	6376.7	11148	5248.2	6894.7	16417
3747.9	6417.9	4003.6	2438.8	5560.3	4367.5	3498.1	2418.1	3737.2	3708.9	2875	6469.3	11449	5336.4	7001.1	16841
3728.6	6415.3	4017.7	2431.9	5573.8	4356.4	3523.6	2444.2	3746.4	3701.9	2891.4	6505.8	11509	5363.8	7043.2	16762
3743.3	6475.5	4024.7	2431.9	5623.7	4376.3	3527.5	2446	3749.4	3738.2	2911.6	6501.4	11643	5369.6	7091.6	16861
3749.9	6515.7	4041	2440.6	5718.7	4424.1	3545.4	2458.4	3768.8	3848.8	2912.8	6493.3	11675	5397.1	7123.4	17015
3683.3	6432.9	4010.6	2415.2	5633.6	4357.5	3499.6	2427.9	3711.9	3857.1	2878.3	6370.6	11531	5347.2	7073.8	16493
3717	6555.3	4051.9	2425.3	5745.9	4423.5	3547.8	2443.5	3725.6	3768.3	2879.1	6394.2	11723	5371.7	7082.7	16756
3666.3	6493.3	4005.2	2388.6	5666.4	4374.5	3508.7	2434.8	3700.4	3702.4	2859.9	6334	11626	5323.5	6991.4	16322
3689.8	6555.3	4036.1	2408	5760.7	4375.1	3492.4	2451.5	3720.5	3741.3	2849.3	6357.5	11777	5374.6	7073.8	16557
3703.9	6629.8	4087	2431.9	5860.7	4440.1	3549.7	2487.4	3759.6	3825.9	2874.2	6402.1	11922	5406.6	7148.3	16808
3725.1	6711.8	4117.4	2440.6	5931.9	4472.4	3569.7	2506.6	3779.5	3827.5	2892.2	6448.9	12157	5479.1	7224.8	16984
3673.3	6543.6	4031.8	2393.6	5802.2	4375.7	3499.1	2452.2	3652.8	3693.3	2843.2	6333.2	11748	5328.6	7075.7	16366
3696.8	6677.6	4105.7	2434	5972.3	4440.7	3566.7	2516.2	3745.4	3723	2871.3	6406.5	12047	5399.3	7211.7	16835
3739.3	6783.7	4117.9	2427.5	6027	4512.8	3594.1	2527.7	3759.1	3717.5	2891	6475.5	12327	5419.7	7227.9	16964
3728.1	6818.6	4167	2454.4	6110.4	4538.8	3608.8	2546	3770.8	3875.4	2904.2	6455.1	12364	5465.1	7334.3	17146
3657.8	6703.5	4096.9	2398.3	5956.9	4450.9	3566.7	2508.4	3678.8	3647.9	2848.1	6319.3	12057	5353.7	7163.3	16334
3706.9	6828.1	4152.4	2405.1	6044.2	4488.6	3583.3	2514.4	3698.3	3670.3	2865.2	6387.2	12335	5408.8	7238	16573
3780.6	7006	4245.5	2467.2	6216.4	4598.8	3661.3	2578.4	3771.9	3780.6	2935.2	6567.9	12766	5548.3	7486.9	17391
3780.6	7038.3	4276.4	2473.4	6302	4600.1	3665.3	2588.9	3789.8	3804.7	2936.8	6574.3	12851	5548.3	7530.4	17587
3757.6	7006	4275.3	2461.3	6256.5	4577.3	3658.3	2600.7	3790.8	3819.2	2925.2	6546.3	12822	5543.8	7511.3	17307
3769.3	7100.5	4297.1	2473.1	6354	4628.5	3667.3	2603.4	3797.5	3869.1	2916.5	6529.2	12939	5559.5	7551.8	17485
3791.3	7180.4	4340	2484.8	6426.8	4667.1	3709.4	2648.9	3848.2	3867	2950.2	6632.5	13225	5608.5	7612	17680
3806.3	7257.4	4381.6	2485.5	6473.7	4706.7	3750.4	2670.9	3869.7	3863.4	2962.7	6662.8	13448	5637.4	7632.5	17762
3772.4	7122.4	4324.9	2466.1	6414.4	4625.4	3674.8	2624.7	3783.1	3925	2919	6584.2	13069	5552.8	7574.3	17457
3754	7196.5	4335.4	2451.5	6438.2	4661.5	3692.3	2654.3	3816.6	3860.8	2901.3	6569.7	13187	5540.1	7523	17263
3800.1	7311.6	4402.8	2477.1	6528.3	4718.7	3748.9	2672.8	3805.2	3801.6	2931	6663.8	13420	5606.2	7660.8	17608
3785.2	7334.3	4406.3	2483	6603.3	4734.5	3743.8	2684.5	3836.8	3934.5	2947.3	6668.4	13448	5588.9	7669.5	17687
3777.5	7345.6	4436.6	2485.5	6566.1	4714.9	3745.4	2688.7	3825.4	3913.8	2950.2	6677.6	13552	5627.5	7734.2	17598
3803.2	7387.1	4449.1	2483.7	6684	4774	3784.7	2706.7	3839.9	3890.6	2958.5	6709	13526	5601.7	7718.8	17722
3796.5	7358.1	4434.8	2458.1	6592.4	4711.1	3750.9	2696.9	3794.9	3770.3	2926.9	6681.3	13580	5589.6	7667.3	17391
3766.8	7409	4483.2	2466.5	6630.7	4739	3769.3	2720	3836.8	3867	2929	6664.7	13678	5600.2	7707.8	17412
3786.2	7470	4476.6	2473.8	6710	4790.7	3769.3	2722.7	3832.1	3973.5	2945.6	6720.2	13703	5594.2	7705.6	17545
3813	7564.6	4544.9	2482.6	6750	4817.1	3821.3	2751.9	3837.3	3812.5	2957.3	6780.9	14024	5662.6	7805.1	17665
3799.1	7573.2	4530.3	2478.2	6751.9	4824.2	3806.8	2758.6	3829.5	3796.5	2927.3	6727.6	13905	5613.8	7748.5	17598
3818.7	7625	4562.6	2487.4	6825.2	4833.9	3808.9	2754.7	3831.1	3878.6	2951.8	6811	14072	5642	7851	17722
3787.2	7589.3	4565.1	2485.5	6778.1	4780.4	3783.1	2758.2	3827	3922.3	2927.7	6752.8	13925	5605.5	7838.6	17626
3764.2	7610.9	4603.8	2481.1	6848.9	4850.1	3822.3	2764.6	3824.4	3935	2938.9	6744.4	13972	5604	7808.4	17524
3821.8	7759.6	4682.8	2490.7	6857.5	4882.7	3881.2	2813	3860.8	3895.9	2977.4	6867	14409	5709.5	8003.2	17744
3804.7	7745.2	4689.1	2499.9	6926.4	4891.9	3878.6	2827.1	3893.3	3954.2	2972.8	6858.5	14378	5678.7	7951.7	17830
3861.8	7887	4763.8	2524	7039.3	4955.2	3899.1	2838.8	3901.2	4031.8	2988.3	6933.2	14630	5752.9	8080.7	18292
3868.1	7896	4756.1	2519.6	7070.8	4979.2	3919.1	2851	3889.6	3966.5	2984.1	6971.9	14662	5721.1	8050.5	18258
3932.4	8115.7	4880.1	2561.4	7183.4	5056.6	4012.3	2931.4	3974.5	3967.6	3043	7162.3	15260	5871	8316.7	18671
3879.1	8044.7	4848.8	2519.9	7114.4	5034.3	3992.3	2903.7	3918.1	3882.8	3029	7088.6	15044	5799.8	8206.5	18232
3903.8	8094.7	4913.6	2576.1	7234	5077.7	4011.2	2936.4	3943.6	4058.5	3041.8	7147.3	15072	5815.6	8313	18679
3900.6	8181.6	4960.6	2570.1	7305.4	5122.9	4041.6	2946.4	3970.8	4103	3046.5	7150.3	15266	5834.5	8314.2	18710
3884.9	8161.6	4940	2556.5	7268.6	5101.6	4019.8	2958.1	3967	4057.4	3031.5	7143.3	15203	5806.9	8266.1	18570
3916.5	8232.7	4977.9	2555.8	7266.5	5124.9	4063.4	2991.3	3980.5	3951	3044.8	7257.4	15484	5859.1	8371.2	18528
3914.4	8291.4	5008	2559.5	7259.4	5133.9	4054.6	2979.9	3955.3	3996.1	3027.3	7178.4	15354	5844.8	8383.4	18551
3943.6	8320.3	5039.7	2568.9	7331.2	5150.4	4085.9	3021.7	3987.4	3956.4	3057.2	7327.1	15648	5873.4	8463.2	18722
3866	8193.5	4970.5	2530.7	7191.5	5082.5	4002.5	2974	3937.7	4053.6	2999.7	7161.3	15203	5760.7	8249.4	18112
3861.8	8238.6	5037	2535.6	7206.6	5098.2	4033.4	2977.8	3929.2	4011.2	2997.6	7133.3	15229	5770	8305.8	18075
3897	8275.7	5062	2540.1	7280.8	5144.9	4092.5	3027.7	3958	3983.1	3039.2	7273.7	15490	5806.1	8366.4	18296
3901.2	8344.5	5107.1	2552	7293.1	5181	4112.9	3038.3	3954.8	3923.9	3053.7	7320.9	15689	5824.2	8445.9	18239
3916	8381	5143.5	2566.7	7350.8	5195.6	4102.4	3039.6	3950.5	4012.3	3043.5	7358.1	15630	5829	8441	18417
3939.8	8512.8	5204	2585.9	7476.3	5269.4	4151.3	3099.4	4033.4	4141.3	3072.2	7453.1	16005	5855.1	8531.5	18812
3920.7	8459.5	5211	2571.9	7360.1	5227.8	4159.1	3110.3	4002	4029.1	3061.9	7438.4	15866	5877.4	8569	18444
3952.1	8539	5268	2580.6	7396.5	5251.7	4174.2	3124.2	4005.2	4014.4	3066.6	7495.3	16018	5895	8629.5	18621
4015.5	8780.6	5381.2	2608.7	7592.6	5376.8	4240.4	3154	4056.3	4009	3101.2	7599	16599	5992.6	8759.9	19213
3996.1	8791	5408	2617.1	7573.2	5402.9	4286.2	3201.8	4094.7	4075.5	3126	7664.1	16680	5991.8	8807.9	19115
4011.7	8801.4	5431.4	2635	7639	5413.9	4275.9	3193.3	4063.9	4096.4	3118.1	7722.1	16697	5986.1	8835.2	19262
4030.1	8856.1	5461.5	2631.2	7665.1	5419.7	4305.2	3219.6	4082	4024.2	3136.9	7765.1	16848	5987.8	8914	19294
4065	9005.8	5564.8	2663.5	7736.4	5472.5	4331.9	3265.5	4141.3	4230.2	3163.2	7870.1	17143	6071.4	9036.6	19827
4066.7	9082.5	5616.9	2677.1	7795.1	5527.4	4355.2	3280.9	4145.2	4255.2	3162.4	7884.7	17218	6050.8	9058.2	19909
3981.5	8772.8	5476.9	2615.2	7599	5369.6	4263.8	3211.6	4049.7	4096.4	3101.2	7721	16548	5891	8798.8	18903
3982.1	8840.4	5544.5	2620.1	7579.7	5416	4316.8	3268.2	4082	4154.1	3105.1	7750.7	16506	5920.6	8860.1	19003
4022.5	8949.8	5559.5	2625.9	7664.1	5488	4337.7	3270	4095.8	4106.8	3127.3	7885.8	17052	5995.1	8900.8	19192
4033.4	9093.3	5654.9	2633.9	7651	5529.6	4387.5	3310.5	4117.9	4105.7	3143.9	7910.7	17280	6041.8	9051.4	19205
4076	9158.7	5721.8	2660.8	7751.8	5532.6	4412.8	3347.7	4153.5	4165.3	3154	7992.9	17339	6045.9	9149.2	19703
4077.1	9230.3	5731.1	2655	7771.7	5582.8	4434.8	3375	4173.7	4175.9	3158.4	8049.4	17569	6058.2	9108.3	19564
4076.6	9240	5808.5	2677.5	7844.2	5650.3	4500.7	3398.3	4177.6	4189.4	3195.1	8127.5	17633	6089.7	9193	19742
4092.5	9367.1	5876.6	2692.2	7859.9	5694	4526.7	3425.5	4180.4	4150.2	3192.9	8132.2	17791	6117.1	9325	19737
4074.9	9297	5825	2670.9	7822.9	5650.3	4458.6	3393.6	4179.9	4264.4	3182.7	8162.7	17758	6074.8	9158.7	19543
4078.2	9283	5879.8	2677.9	7837.5	5669.5	4527.3	3448.6	4190.5	4160.8	3192.4	8214.8	17766	6083.9	9258	19564
4158.6	9599.4	6050.8	2714.1	8020.5	5802.2	4592.1	3480.9	4245	4273	3240.2	8368.8	18524	6215.6	9465.1	20241
4157.4	9669.7	6096.3	2744.4	8063.3	5847.2	4619.2	3522.2	4265.5	4362.2	3243.8	8422.6	18486	6182.5	9493.8	20456
4074.9	9382.7	5974.8	2688	7867.8	5724.9	4555.9	3476.6	4191.1	4299.5	3192.9	8262.6	17755	6065.7	9274.7	19606
4082	9433.7	6049.2	2701.2	7887	5738.1	4590.8	3500.1	4200.1	4288.5	3209.8	8314.2	17838	6076.4	9344.6	19665
4125.1	9602.3	6095.5	2712.9	7953.9	5824.2	4636	3548.8	4238.7	4237	3210.7	8398.1	18277	6139.7	9440.8	19939
4132.3	9703.6	6159.8	2724.7	8020.5	5882.2	4659	3574	4267.3	4269	3230.8	8497.9	18509	6144.7	9476.6	20048
4163	9797.3	6251.3	2742.8	8036.6	5928.7	4732.6	3611.8	4286.2	4276.4	3262.3	8541.4	18777	6220.7	9687.3	20215
4183.2	9898.4	6341	2752.3	8076.1	5925.4	4713	3612.3	4296.6	4418.8	3265	8590.4	18848	6236	9653.5	20524
4235.8	10029	6381.1	2781.3	8187.5	5970.7	4763.1	3671.8	4360.5	4510.3	3301.3	8819.6	19389	6283.1	9818.3	20896
4241.5	10114	6476.4	2790.5	8185.2	6062.4	4835.2	3726.6	4378.1	4460.4	3306.8	8820.9	19340	6321.9	9941	21014
4164.2	9792.8	6335.8	2745.6	8052.9	5940.8	4767	3677.3	4300	4285.6	3269.1	8711	18741	6182.5	9669.7	20122
4161.9	9947.1	6434.7	2747.6	7996.3	5970.7	4782.3	3686.8	4309.3	4428.3	3262.7	8651.1	18745	6200.3	9749.6	20122
4139	9836.4	6394.2	2729	7957.4	5962.6	4783.6	3678.8	4295.4	4289.1	3267.7	8663.8	18753	6169.9	9633	19670
4220.5	10127	6524.7	2773.3	8095.9	6069	4847.5	3757.6	4347	4359.9	3278.1	8840.4	19245	6257.3	9866.6	20469
4255.8	10207	6608.8	2785.3	8153.3	6073.9	4889.3	3790.8	4406.9	4482.6	3329.7	8988.4	19615	6316.7	10032	20822
4266.7	10266	6644.5	2797.7	8186.4	6103.8	4909	3820.7	4426.5	4541.9	3339.4	9071.7	19793	6308	10043	20854
4297.7	10439	6782.8	2831.9	8268.5	6207.1	5010.7	3901.2	4472.4	4530.3	3375	9242.7	20127	6415.3	10250	21266
4305.2	10491	6818.6	2825.8	8297.4	6232.6	5005.3	3899.6	4482	4615.5	3377.8	9277.5	20295	6408.3	10205	21387
4193.9	10150	6675.7	2766.6	8025.1	6088	4918.8	3822.8	4376.9	4557.1	3320.1	8948.4	19270	6235.1	9890.8	20043
4225.6	10209	6677.6	2778.9	8095.9	6122.1	4934.7	3850.3	4378.1	4364	3303.6	9089.3	19560	6271	9950.2	20295
4218.8	10185	6725.7	2780.1	8079.6	6122.1	4948.6	3850.3	4368.7	4350.5	3310.5	9090.6	19501	6265	9999.3	20162
4225	10223	6778.1	2785.3	8071.4	6141.4	4982.6	3896.4	4365.2	4375.1	3294	9079.8	19266	6236.8	10024	20272
4336	10632	6966.1	2838.4	8298.6	6318.4	5103.6	3985.3	4482.6	4494.6	3372.2	9415.2	20497	6432.9	10383	21290
4336	10662	7048.1	2845.7	8290.2	6350.5	5153.2	4025.8	4494.6	4550.4	3379.7	9425.2	20295	6425	10375	21309
4362.8	10795	7096.5	2870.1	8396.8	6421.5	5165.7	4041	4515.8	4515.2	3397.8	9584.8	20962	6462.2	10442	21582
4356.4	10858	7188.5	2870.9	8344.5	6416.2	5196.3	4078.7	4548	4683.4	3431.2	9633	20976	6481.7	10499	21358
4278.7	10503	7046.2	2829.5	8181.6	6301.1	5115.3	4015.5	4444.3	4613.7	3360.2	9395.4	19991	6329.7	10231	20551
4273.6	10577	7087.6	2819.4	8141.6	6318.4	5153.9	4045.4	4485.6	4653.4	3376.9	9449.4	20179	6333.2	10215	20465
4355.2	10889	7258.4	2864	8356.6	6506.7	5277.2	4127.3	4559	4515.2	3429.3	9713.9	21123	6508.5	10549	21329
4367.5	10976	7324	2877.1	8348.1	6518.4	5297.1	4173.1	4583.5	4725.6	3448.2	9770.4	21051	6487.1	10617	21300
4436.6	11179	7422.6	2906.6	8504.1	6619.7	5365.2	4225	4632.2	4655.3	3449.6	9895.3	21621	6570.7	10774	22155
4446.1	11238	7475.2	2917.8	8502.8	6642.6	5402.9	4269.5	4647.2	4669	3460	9967	21726	6557.1	10805	22150
4334.2	10910	7384	2870.1	8273.3	6549	5356.6	4204.1	4568.7	4536.4	3443.4	9774.9	21004	6478.2	10602	21000
4363.4	10957	7397.6	2884.4	8339.6	6577	5386.2	4239.8	4581	4527.3	3432.1	9845.4	20939	6473.7	10622	21170
4394.5	11070	7509.1	2898.4	8298.6	6558.9	5394.9	4271.3	4582.2	4686.6	3444.9	9938	21037	6497.8	10744	21353
4399.8	11096	7577.5	2904.6	8336	6603.3	5429.2	4287.4	4601.9	4714.3	3479.5	10066	21391	6542.7	10779	21329
4364.6	11104	7548.6	2890.6	8276.9	6590.6	5423.3	4285.1	4589	4728.2	3430.7	9880.2	20967	6469.3	10677	21070
4404.6	11171	7607.7	2903.3	8276.9	6639.9	5463.7	4330.2	4600.7	4642.2	3454.8	10022	21204	6523.8	10826	21333
4440.7	11384	7740.8	2928.1	8428.7	6774.3	5588.1	4415.8	4682.8	4681.5	3515.9	10234	21871	6614.3	11054	21681
4479	11499	7875.7	2959.8	8465.7	6766.8	5596.4	4445.5	4694.1	4855.3	3528.9	10414	22094	6646.3	11109	22145
4480.2	11565	7899.4	2966.5	8462	6807.3	5617.6	4444.3	4698.5	4914.9	3539.1	10427	22202	6652.7	11129	21982
4507.9	11582	7934.6	2957.3	8473.1	6834.7	5661	4504.3	4724.4	4793.9	3534.7	10476	22352	6682.2	11186	22197
4476.6	11561	7961.9	2970.2	8520.2	6893.8	5726.5	4529.1	4740.2	4731.3	3547.3	10519	22357	6689.6	11189	22145
4516.4	11658	8019.3	2985.4	8595.4	6922.6	5742	4560.2	4772.7	4914.9	3562.4	10609	22557	6659.2	11202	22217
4488.6	11641	8026.3	2968.6	8478	6948.6	5759.9	4579.8	4749.1	4795.2	3539.1	10483	22243	6673	11229	22002
4512.8	11793	8105.2	2977.4	8501.6	6968	5778.6	4597	4771.5	4881.4	3545.8	10570	22436	6670.2	11224	22145
4468.8	11522	7991.7	2950.2	8361.5	6819.5	5703.3	4559.6	4719.9	4910.9	3537.6	10539	22007	6587.9	11095	21460
4467	11609	8115.7	2968.6	8398.1	6918.7	5775.5	4588.4	4711.7	4848.1	3533.7	10572	22048	6636.2	11145	21474
4455.7	11645	8050.5	2949.3	8354.2	6901.5	5759.9	4610.6	4738.3	4925.4	3524.1	10532	21926	6575.2	11049	21348
4476.6	11654	8138	2972.3	8433.6	6976.8	5857.5	4652.1	4753.6	4754.2	3538.6	10614	22145	6635.3	11191	21543
4570.6	12107	8431.2	3031.5	8625.7	7146.3	5995.9	4759.3	4861.2	4922.8	3641.9	11054	23699	6847	11609	22483
4577.3	12005	8400.5	3020.9	8606.7	7118.4	5995.1	4792	4876.8	5003.3	3626.1	11022	23092	6740.7	11501	22357
4632.9	12354	8554	3047.7	8711	7278.8	6106.3	4879.4	4941.3	4973.9	3662.3	11264	24060	6895.7	11768	23070
4664	12469	8684.2	3069.6	8721.3	7330.1	6169.9	4930.7	4951.9	4972.5	3684.8	11351	24232	6970.9	11969	23213
4570	12075	8485.5	3021.7	8499.1	7174.4	6064.8	4841	4861.2	4911.6	3621.1	11073	23114	6813.9	11614	22079
4586.5	12141	8610.5	3052.9	8589.1	7209.7	6124.6	4903.7	4884	4987.2	3644.9	11229	23224	6799.7	11652	22462
4622.9	12315	8652.3	3057.6	8660	7307.5	6191.8	4977.2	4953.9	5012	3667.3	11351	23809	6854.6	11814	22819
4636.6	12467	8759.9	3073.1	8708.5	7380.9	6224.9	4997.9	4971.9	5087.9	3684.3	11445	24172	6881.3	11804	22776
4700.4	12579	8900.8	3094.7	8714.9	7388.2	6306.3	5062.7	4996.6	5058	3714.5	11635	24388	6974.8	12101	23420
4689.1	12735	9031.3	3112	8819.6	7525.1	6395.1	5096.1	5040.4	5088.6	3743.3	11675	24897	7020.6	12127	23386
4736.4	12792	9051.4	3122.5	8800.1	7506	6426.8	5143.5	5053.9	5064.1	3739.8	11804	24997	7048.1	12276	23768
4647.8	12596	8911.4	3082.1	8694.4	7483.7	6358.4	5102.3	5002	5079.7	3699.9	11607	24274	6922.6	11912	22695
4724.4	12812	9162.8	3138.6	8814.4	7544.3	6487.1	5185.8	5048.5	5225	3758.1	11861	24692	7005	12261	23465
4746.6	12933	9224.7	3147.8	8810.5	7606.6	6531	5222.9	5081.1	5155.3	3777	11981	25296	7089.6	12393	23488
4672.8	12681	9060.9	3099.4	8648.5	7490	6435.6	5153.2	5015.4	5188.6	3711.9	11658	24101	6939	12011	22792
4692.8	12662	9143.7	3116.8	8646	7494.3	6491.5	5211.7	5022.1	5144.2	3749.4	11884	24424	7002.1	12163	22819
4676.5	12735	9121.9	3093.4	8644.7	7555	6537.3	5241.9	5059.3	5213.1	3740.3	11777	24280	6923.6	12051	22669
4710.5	12816	9182	3115.1	8661.2	7561.4	6522.9	5246.8	5051.2	5248.9	3734.2	11865	24521	6965.1	12097	22857
4735.8	12853	9319.3	3136	8723.9	7595.8	6617	5302.8	5075.6	5292.1	3764.2	11985	24570	6992.3	12255	23081
4716.8	12875	9270.5	3125.5	8698.2	7646.6	6670.2	5347.2	5113.2	5298.5	3770.3	12007	24479	6986.5	12218	22857
4748.5	13060	9480.9	3158	8753.5	7740.8	6754.7	5404.4	5135.9	5253.2	3815.1	12251	25315	7139.3	12498	23136
4808.7	13320	9583.4	3180.9	8818.3	7819.6	6813.9	5462.9	5183.1	5373.2	3834.2	12389	25745	7152.3	12594	23688
4767	13230	9599.4	3169.4	8736.7	7794	6838.5	5445.3	5149.1	5354.4	3825.4	12212	25124	7115.4	12585	23280
4801	13239	9674.1	3183.1	8811.8	7854.3	6947.7	5540.8	5198.4	5260.9	3837.8	12373	25270	7131.3	12673	23670
4797.1	13364	9697.7	3183.6	8807.9	7906.2	6949.6	5558	5231.3	5422.6	3857.1	12404	25725	7155.3	12643	23488
4824.8	13352	9764.5	3202.7	8849.6	7917.5	7024.6	5629.8	5253.2	5428.5	3885.9	12626	25699	7170.4	12748	23670
4760.6	13096	9653.5	3165	8684.2	7809.6	6919.7	5532.6	5148.4	5190	3815.1	12346	25048	7148.3	12562	23103
4751.7	13166	9680	3161.5	8700.8	7889.2	6992.3	5573.8	5204	5190	3829.5	12360	25174	7141.3	12530	23015
4821.6	13526	9899.9	3213.8	8774.1	7966.5	7092.6	5645.8	5234.1	5412.4	3883.3	12591	25685	7209.7	12847	23482
4800.3	13345	9854.5	3204	8778	7998.6	7154.3	5719.5	5268.7	5337.9	3870.2	12568	25450	7171.4	12774	23403
4740.2	13132	9751	3169.9	8608	7881.3	7068.8	5643.5	5188.6	5378.3	3843	12364	24748	7095.5	12540	22525
4816.4	13427	9928.8	3213.3	8758.6	8012.4	7195.5	5750.6	5269.4	5261.6	3880.1	12703	25718	7230.9	12829	23158
4893.2	13908	10147	3258.7	8949.8	8188.7	7317.8	5852.7	5362.4	5519.9	3922.8	12990	26698	7303.4	13035	24160
4921.5	14012	10269	3257.8	8916.7	8226.7	7432.1	5904.6	5401.5	5499.1	3970.8	13148	27256	7387.1	13269	24238
4879.4	13768	10204	3250.1	8848.3	8194.7	7395.5	5888.6	5348.7	5537.1	3935	12979	26235	7315.7	13060	23867
4878.1	13775	10196	3236.2	8830	8188.7	7410.1	5874.2	5353.7	5421.1	3935.6	13033	26448	7351.8	13046	23751
4860.5	13758	10261	3256	8858.8	8216	7464.7	5915.8	5355.9	5405.1	3917	12948	26160	7312.6	13028	23665
4901.1	13739	10226	3250.6	8867.9	8211.3	7513.4	5994.3	5413.9	5429.9	3953.7	13150	26607	7318.8	13157	23861
4977.2	14321	10579	3302.7	9020.5	8445.9	7733.1	6104.6	5501.4	5522.2	4029.1	13504	27993	7507	13602	24748
5010	14389	10701	3343.5	9126	8501.6	7843.1	6196.9	5537.1	5653.4	4063.9	13746	27963	7524	13688	25029
5034.3	14580	10749	3349.1	9142.3	8557.7	7854.3	6231.7	5564	5750.6	4050.8	13770	28208	7530.4	13645	25341
4967.9	14153	10559	3304.1	8929.9	8370	7762.9	6155.6	5492.5	5689.4	4031.2	13592	27388	7451	13483	24286
4920.2	14077	10527	3285.9	8915.3	8428.7	7782.8	6129.6	5478.4	5490.2	3976.2	13264	26720	7407	13230	23902
4961.9	14334	10720	3304.5	8955.1	8512.8	7924.3	6207.1	5521.4	5626.7	4021.5	13474	27191	7491.1	13443	24166
4905	14042	10501	3274.5	8853.5	8447.2	7837.5	6204.5	5486.5	5520.7	3980.5	13336	26552	7378.8	13202	23711
4949.3	14206	10639	3299.1	8864	8439.8	7876.8	6203.7	5488	5531.1	4006.8	13528	26989	7464.7	13389	23797
5064.1	14740	11017	3349.1	9054.1	8658.7	8143.9	6378.4	5624.4	5810.8	4120.7	14002	28646	7638	13932	24935
5081.8	14765	11104	3373.2	9104.2	8689.3	8200.6	6419.7	5626.7	5824.2	4106.8	14072	28309	7646.6	13935	25086
5027.5	14614	10936	3341.7	8987.1	8661.2	8125.1	6385.4	5595.7	5759.9	4070.5	13851	27774	7579.7	13674	24527
4999.3	14462	10962	3344.5	8972.4	8680.3	8264.9	6463.1	5617.6	5645	4090.3	13903	27469	7591.5	13741	24304
4998.6	14514	11012	3337.1	8910.1	8682.9	8287.7	6437.4	5634.3	5851.1	4105.2	13829	27609	7577.5	13693	24131
5030.2	14561	11047	3356	8991.1	8689.3	8319.1	6491.5	5638.1	5679.4	4117.4	14022	27955	7612	13858	24406
5045.8	14561	11088	3357.9	8939.2	8656.1	8348.1	6521.1	5631.3	5848.8	4120.7	14117	27736	7614.1	13826	24442
5036.3	14762	11170	3373.2	9031.3	8826.1	8447.2	6549	5658.7	5674.1	4093.1	13999	27804	7647.7	13856	24674
5096.8	15091	11416	3419.9	9145.1	8997.7	8689.3	6714.6	5771.6	5783.3	4185.5	14409	28845	7764	14265	25098
5107.8	15036	11481	3414.7	9105.6	8961.7	8757.3	6766.8	5791.2	5855.9	4210.3	14593	28918	7810.7	14290	25092
5006	14540	11091	3358.8	8895.5	8769	8504.1	6613.4	5656.5	5708.7	4097.5	14039	27300	7575.4	13705	23972
4993.9	14564	11209	3375.9	8864	8794.9	8609.3	6649	5653.4	5698.7	4120.7	13992	27090	7610.9	13858	23751
5159.4	15303	11717	3467.6	9242.7	9126	8999.1	6913.9	5843.2	5865.4	4235.8	14794	29202	7865.6	14551	25831
5200.5	15528	11785	3478.6	9277.5	9182	9015.1	6913	5863.8	5935.1	4241	14835	29844	7918.7	14649	25958
5031.6	14727	11327	3369	8841.8	8833.9	8763.8	6729.5	5707.9	5908.6	4168.1	14234	27595	7670.6	13952	23774
5117.4	15209	11668	3441.1	9073	9101.5	9042	6891.9	5806.1	5889.4	4212.6	14527	28441	7800.6	14365	24960
5161.5	15349	11729	3453.8	9173.8	9169.7	9092	6919.7	5859.1	5883	4208	14644	29079	7863.3	14409	25450
5151.8	15418	11781	3453.4	9147.8	9216.5	9161.5	6969	5871	5932.7	4225.6	14711	29014	7897.1	14420	25232
5220.1	15719	12045	3491	9270.5	9362.9	9395.4	7121.4	5986.9	6085.5	4315.1	15072	30188	7978	14805	25811
5243.3	15725	12151	3511.1	9315.1	9394	9524	7182.4	5980.4	6034.4	4315.6	15189	29887	8022.8	14890	26119
5162.9	15349	11783	3450.5	9112.3	9241.3	9320.7	7101.5	5933.5	6067.3	4261	14903	28950	7853.2	14391	25016
5206.1	15472	11914	3476.6	9132.8	9217.8	9379.8	7096.5	5928.7	6092.2	4285.1	15002	29383	7936.9	14678	25181
5275.1	16067	12280	3529.9	9353	9535.5	9644.7	7252.3	6040.9	6184.2	4334.8	15386	30672	8107.6	15013	26379
5285	15944	12319	3530.8	9316.5	9493.8	9760	7314.7	6046.7	6173.3	4357	15441	30205	8073.7	15044	26139
5192.1	15415	12043	3478.6	9059.5	9255.2	9557.2	7167.4	5927.1	6011.4	4300.6	15033	28974	7978	14681	24966
5182.4	15627	12079	3478.1	9047.4	9344.6	9635.9	7194.5	5952.1	5985.3	4307	14994	29350	8000.9	14748	24878
5207.5	15686	12097	3491	9156	9465.1	9764.5	7325	6045	6110.4	4322.6	15220	29483	7965.4	14687	25155
5232.7	15785	12169	3513.5	9157.4	9448	9786.9	7340.5	6038.5	6211.3	4326.7	15226	29558	7996.3	14746	25232
5203.3	15446	12089	3485.2	9043.4	9330.6	9782.4	7294.2	5984.5	6177.5	4312.2	15086	28662	7940.3	14641	24773
5211.7	15636	12127	3480.9	9024.5	9394	9788.3	7298.3	5998.4	6186.8	4320.3	15156	29079	8005.5	14638	24785
5274.4	15929	12414	3537.1	9228.9	9586.3	10128	7493.2	6128	6297.7	4405.2	15545	29879	8112.2	15058	25574
5253.2	15893	12450	3537.6	9182	9621.3	10185	7493.2	6119.6	6166.5	4388.6	15380	29819	8097	15063	25315
5320.7	16196	12628	3572.1	9297	9727.3	10388	7652.1	6218.1	6309.8	4453.9	15923	30699	8226.7	15340	25958
5325	16334	12677	3572.1	9315.1	9789.8	10408	7623.9	6219	6230.9	4435.4	15785	30842	8248.2	15289	25984
5236.2	15857	12454	3521.7	9066.3	9570.3	10264	7517.6	6102.1	6211.3	4404.6	15432	29366	8122.8	15072	24729
5247.5	15809	12348	3526	9083.9	9589.2	10267	7564.6	6128	6173.3	4382.8	15490	29243	8069.1	14843	24872
5341.5	16379	12738	3590.7	9336.2	9860.5	10615	7782.8	6283.1	6344.4	4477.8	15993	30978	8275.7	15426	26031
5329.3	16287	12649	3556.5	9198.5	9788.3	10557	7684.8	6237.7	6408.3	4462.8	15917	30538	8290.2	15237	25431
5368.9	16353	12869	3596.1	9326.4	9803.3	10715	7788.4	6260.8	6410	4475.4	16027	30592	8279.3	15493	26025
5355.9	16391	12921	3600	9306.8	9860.5	10793	7795.1	6236.8	6315	4462.8	15914	30179	8281.7	15458	25758
5304.2	16070	12632	3565.3	9164.2	9715.4	10649	7735.3	6225.8	6277	4447.3	15752	29921	8192.3	15235	25079
5360.2	16500	12993	3612.8	9291.4	9970.1	11040	7942.5	6338.4	6462.2	4530.3	16209	30654	8366.4	15557	25904
5419	16746	13177	3636.5	9362.9	10039	11123	8006.7	6363.6	6457.7	4554.1	16442	31446	8483	15851	26441
5376.1	16632	13116	3612.3	9277.5	9999.3	11132	7968.8	6368.8	6561.6	4552.2	16262	31270	8425	15633	25837
5435	17011	13304	3656.3	9459.4	10229	11331	8092.4	6432.1	6499.6	4561.4	16452	31652	8485.5	15872	26593
5465.9	17079	13329	3669.3	9411	10124	11324	8114.6	6436.5	6588.8	4585.9	16690	32043	8529	16054	26705
5383.3	16726	13205	3624.1	9256.6	10111	11360	8059.8	6419.7	6659.2	4579.8	16268	31096	8460.7	15713	25685
5403.7	16680	13264	3657.8	9354.5	10127	11499	8167.5	6424.1	6497.8	4576.7	16439	30707	8448.4	15806	26052
5356.6	16455	13098	3619.2	9145.1	9971.6	11276	8036.6	6336.6	6535.5	4549.8	16196	30136	8420.1	15666	25130
5392.8	16609	13130	3634	9267.7	10074	11436	8132.2	6425	6620.7	4563.9	16284	30468	8398.1	15680	25620
5565.5	17719	13969	3746.4	9662.3	10569	12059	8431.2	6632.5	6681.3	4690.3	17133	33430	8767.7	16641	27699
5591.1	17694	13992	3748.9	9655	10529	12117	8491.7	6637.1	6822.4	4711.7	17314	33296	8752.2	16684	27744
5409.5	16746	13315	3649.9	9241.3	10157	11649	8206.5	6443.6	6625.2	4599.5	16375	30574	8494.1	15866	25528
5414.6	16835	13493	3668.3	9285.8	10237	11855	8314.2	6498.7	6541.8	4637.2	16654	30797	8570.3	16002	25633
5422.6	16944	13431	3655.3	9310.9	10298	11847	8314.2	6517.5	6670.2	4609.9	16522	30851	8552.7	15848	25692
5465.1	17102	13554	3682.8	9398.2	10419	12063	8469.4	6607	6727.6	4662.1	16841	31418	8596.7	16036	26173
5547.5	17548	13989	3743.3	9476.6	10562	12356	8595.4	6663.8	6834.7	4756.8	17349	32939	8845.7	16785	26861
5658.7	18075	14247	3785.2	9716.9	10742	12630	8740.6	6789.4	6923.6	4809.3	17823	34397	8948.4	17112	27993
5495.4	17422	13880	3711.9	9382.7	10499	12352	8505.3	6610.6	6726.7	4717.4	16924	31927	8720	16461	26038
5464.4	17191	13703	3684.8	9263.5	10395	12265	8495.4	6587.9	6798.8	4704.2	16845	31456	8677.8	16271	25626
5644.2	18094	14339	3787.2	9663.8	10800	12725	8758.6	6790.3	6958.3	4795.2	17644	33934	8979	17028	28031
5583.6	17798	14183	3768.3	9551.4	10740	12829	8824.8	6801.6	6994.3	4822.2	17697	33234	8953.8	16901	27162
5488	17408	13883	3721	9391.1	10564	12513	8584.1	6659.2	6767.8	4694.7	16818	31400	8717.4	16297	25911
5514.7	17332	13930	3735.7	9391.1	10544	12615	8688	6688.7	6806.3	4728.8	17102	31437	8759.9	16420	26011
5508	17263	13898	3731.6	9370	10476	12553	8649.8	6646.3	6708.1	4705.4	16984	30869	8703.3	16347	25958
5537.8	17598	13952	3743.8	9435.2	10634	12707	8749.6	6742.5	6871.8	4746.6	17167	31823	8794.9	16487	26112
5578.3	17769	14180	3784.7	9525.4	10747	12915	8862.7	6788.4	6872.8	4784.9	17401	32314	8869.3	16798	26656
5589.6	17758	14324	3784.7	9538.4	10791	13161	8924.6	6806.3	6926.4	4811.3	17446	31947	8877.1	16821	26635
5673.3	18516	14593	3836.8	9742.1	11130	13424	9134.1	6976.8	7106.4	4876.2	18035	34084	9077.1	17163	27774
5652.6	18333	14662	3843	9715.4	11148	13602	9179.3	6987.5	7083.6	4907	17976	33660	9086.6	17280	27388
5577.6	17805	14122	3755.5	9433.7	10793	13031	8881.1	6817.7	6910.1	4795.8	17398	32043	8915.3	16593	26241
5573	17888	14360	3769.3	9405.3	10817	13285	8924.6	6830	6876.6	4843.6	17401	32304	8977.7	16914	26180
5657.2	18405	14721	3838.9	9646.1	11105	13712	9206.8	6980.6	7029.5	4927.4	18072	33607	9138.2	17380	27271
5677.1	18490	14754	3827	9663.8	11159	13787	9220.6	7034.4	7204.6	4941.3	18090	33945	9193	17318	27366
5629.8	18112	14625	3829.5	9560.1	11006	13693	9224.7	6967.1	7038.3	4910.3	18005	32789	9116.4	17215	26755
5642.7	18307	14743	3831.1	9627.1	11159	13905	9237.2	7031.4	7211.7	4922.8	17859	33041	9131.4	17170	26790
5739.7	18828	14983	3881.7	9839.4	11392	14137	9432.3	7148.3	7236	4969.2	18417	34517	9258	17548	27986
5748.2	18951	15077	3894.3	9818.3	11423	14206	9466.5	7142.3	7255.3	4978.5	18409	34419	9294.2	17591	27917
5760.7	18749	14966	3887	9806.3	11305	14201	9473.7	7163.3	7247.2	5000	18513	34375	9278.8	17705	27736
5774.7	19055	15133	3907.5	9822.8	11386	14265	9488	7153.3	7180.4	4991.2	18543	34605	9351.6	17852	27902
5743.6	18939	15008	3889.1	9803.3	11492	14373	9581.9	7202.6	7267.6	5008	18582	34452	9315.1	17573	27662
5742.8	18923	15147	3894.8	9780.9	11451	14482	9592.1	7217.8	7380.9	5038.3	18632	34517	9382.7	17726	27842
5683.3	18652	14986	3869.1	9660.8	11403	14451	9522.5	7181.4	7321.9	5011.4	18183	33482	9291.4	17436	26868
5749	18903	15086	3881.7	9715.4	11397	14360	9495.2	7162.3	7360.1	4998.6	18277	33860	9372.8	17626	27498
5876.6	19481	15675	3974	10041	11687	15008	9836.4	7308.5	7394.4	5094.7	19119	35391	9519.7	18379	28918
5834.5	19594	15654	3962.8	9912.1	11737	15086	9837.9	7347.7	7557.1	5139.4	19131	35902	9609.6	18447	28418
5727.3	18943	15150	3895.4	9685.9	11481	14641	9615.4	7194.5	7414.3	5036.3	18375	33493	9396.8	17794	27234
5768.5	18828	15243	3912.8	9761.5	11457	14786	9715.4	7229.9	7335.3	5034.9	18490	33317	9361.5	17740	27380
5752.1	18844	15161	3897	9700.6	11408	14678	9665.2	7207.6	7223.8	5045.8	18467	33420	9405.3	17776	27147
5752.9	19063	15357	3920.2	9708	11560	14953	9768.9	7275.7	7411.1	5092.7	18617	33945	9465.1	17943	27097
5913.4	19892	15963	4005.2	10060	11916	15551	10080	7476.3	7544.3	5197	19510	36138	9728.8	18792	29055
5891.8	19909	15981	4013.9	10049	12015	15672	10119	7478.4	7549.6	5196.3	19344	36043	9716.9	18773	28837
5838.5	19682	15755	3970.8	9913.6	11926	15490	10024	7434.2	7654.3	5171.2	19091	35243	9680	18505	28131
5869.4	19560	15764	3982.1	9980.9	11874	15560	10119	7476.3	7530.4	5192.1	19299	35028	9644.7	18413	28193
5783.3	19095	15438	3948.4	9798.8	11687	15263	9936.5	7362.2	7480.5	5107.8	18644	33566	9483.7	17965	27249
5792	19290	15572	3949.4	9752.5	11727	15377	9973.2	7381.9	7514.5	5149.8	18844	34073	9579	18165	27220
5881.4	19922	16008	4011.2	9954.8	11987	15773	10161	7495.3	7574.3	5201.9	19290	35346	9745.1	18617	28285
5899	19935	15932	4018.7	10012	12049	15821	10277	7547.5	7766.2	5215.9	19501	35552	9757	18593	28622
5868.6	19472	15722	3985.8	9902.9	11822	15648	10166	7499.6	7781.7	5199.8	19282	34474	9672.6	18447	27925
5851.9	19767	15914	3982.6	9848.4	11941	15824	10150	7490	7515.5	5222.9	19123	34894	9757	18516	27602
5932.7	20335	16363	4045.4	10103	12265	16347	10396	7645.6	7744.1	5298.5	19636	36281	9928.8	18975	28717
5955.3	20339	16165	4040.5	10080	12251	16168	10443	7668.4	7759.6	5282.9	19861	36389	9907.5	18871	28765
5921.4	20009	16147	4026.9	10061	12192	16253	10427	7683.7	7856.6	5275.1	19547	35691	9877.2	18726	28457
5923	20061	16027	4030.1	10019	12196	16240	10516	7678.2	7908.5	5293.6	19857	35750	9866.6	18726	28426
5931.9	19930	16187	4047	10043	12135	16328	10489	7639	7806.2	5280.1	19636	34827	9833.4	18832	28355
5915.8	20122	16134	4040.5	10005	12230	16303	10488	7653.2	7881.3	5285	19556	35152	9869.6	18773	28177
5834.5	19539	15878	3989.1	9833.4	12045	16187	10401	7634.7	7845.3	5273	19209	34148	9773.4	18432	27300
5889.4	19879	15963	4018.2	9912.1	12133	16240	10461	7660.8	7777.3	5282.9	19564	34660	9868.1	18543	27595
5923	19935	16147	4041.6	10007	12129	16385	10509	7656.4	7817.4	5283.6	19510	34561	9846.9	18741	27842
5901.4	20026	16218	4042.1	9990.1	12276	16590	10609	7748.5	7956.2	5330.7	19661	35152	9959.4	18800	27963
5982.9	20465	16439	4074.9	10127	12433	16858	10727	7822.9	7839.7	5366.7	19969	35890	10050	19063	28614
5969.1	20574	16599	4091.4	10138	12464	16994	10754	7815.1	8018.2	5383.3	19987	35925	10100	19307	28741
5947.2	20259	16432	4067.8	9994.7	12346	16812	10698	7751.8	7872.3	5369.6	19754	35062	10052	19071	27766
5952.1	20250	16337	4079.8	10055	12381	16854	10807	7819.6	7894.9	5375.4	19913	35243	9999.3	19063	28024
6011.4	20656	16687	4109.6	10142	12583	17242	10969	7914.1	8091.2	5455.6	20406	36631	10229	19552	28527
6017.1	20920	16802	4117.4	10229	12729	17439	11022	7955.1	8007.8	5449.7	20330	36305	10190	19451	28749
6093.8	21199	17031	4149.1	10324	12794	17658	11139	8047.1	8111.1	5522.2	20803	37629	10328	19896	29424
6084.7	21396	17167	4158	10348	12930	17816	11134	8059.8	8108.7	5493.2	20510	37249	10365	19725	29350
5939.9	20210	16315	4070.5	9988.5	12325	16878	10772	7820.7	8065.6	5381.2	19708	34738	10058	19047	27691
5951.3	20281	16347	4082	10009	12410	17062	10921	7875.7	7963.1	5405.8	19905	34660	10050	19027	27654
6070.6	21018	17055	4151.9	10204	12677	17669	11129	7974.5	8153.3	5512.5	20642	36449	10375	19935	28974
6078.1	21004	17025	4144	10210	12714	17802	11179	8036.6	8216	5543.1	20739	36741	10400	19943	28974
6036	20971	16788	4128.5	10163	12651	17541	11072	7995.2	8129.8	5480.6	20348	35984	10263	19573	28254
6056.6	21066	16825	4137.9	10185	12712	17647	11132	8044.7	8264.9	5500.6	20515	36425	10354	19754	28646
5963.4	20299	16554	4098.6	9957.9	12408	17297	10952	7854.3	7925.5	5425.5	19814	33977	10150	19180	27256
5957.7	20497	16632	4088.1	9993.2	12621	17587	11022	7986	8055.2	5473.2	19810	34694	10215	19131	27454
6083.9	21411	17143	4167	10258	12939	18179	11331	8149.8	8261.4	5589.6	20789	37350	10478	20043	28733
6122.1	21508	17270	4206.3	10369	13026	18322	11475	8197	8398.1	5604.7	20967	37137	10512	20299	29333
6151.4	21820	17398	4203	10395	13148	18478	11535	8260.2	8316.7	5626	21194	37782	10572	20140	29358
6142.2	21528	17211	4191.7	10361	13028	18307	11499	8243.4	8285.3	5623.7	21023	37375	10521	20166	29071
6048.3	21194	17123	4156.9	10175	12917	18157	11280	8088.9	8285.3	5563.3	20299	35599	10430	19896	28239
6138.8	21421	17184	4188.9	10314	12984	18307	11479	8235.1	8214.8	5610.8	20924	36717	10516	20162	28861
6042.6	20794	16749	4139.6	10153	12768	17885	11327	8146.3	8198.2	5554.3	20348	35391	10317	19506	27736
6075.6	21146	17174	4190	10277	13071	18501	11567	8243.4	8409.1	5624.4	20679	36031	10508	20030	28457
6134.7	21666	17294	4206.3	10325	13080	18478	11563	8270.9	8506.6	5632.8	20948	36938	10607	20259	28934
6052.5	20873	16981	4163	10179	12836	18194	11412	8145.1	8325.1	5561.8	20317	34705	10362	19610	27834
6169.1	22135	17838	4242.1	10458	13408	19299	11818	8441	8496.6	5752.1	21309	38002	10772	20565	29284
6152.3	21886	17552	4236.4	10443	13366	19019	11841	8398.1	8632	5703.3	21295	37262	10725	20442	29194
6287.4	22797	18116	4312.8	10701	13681	19568	12123	8569	8758.6	5779.4	21977	39095	10893	20995	30601
6277.9	22573	18031	4284.5	10634	13578	19410	11965	8520.2	8771.5	5776.3	21716	38823	10962	21014	30477
6296	22993	18247	4323.2	10679	13722	19674	12095	8551.5	8657.4	5795.9	21876	39013	10957	21161	30424
6281.3	22712	18064	4295.4	10605	13640	19556	12085	8557.7	8658.7	5806.1	22012	38864	10966	21033	30102
6059.9	21127	16988	4187.7	10193	13060	18524	11668	8302.2	8603	5650.3	20702	35254	10531	19742	27759
6094.6	21333	17201	4203	10266	13134	18769	11735	8349.3	8426.3	5674.8	20642	35334	10557	19978	27948
6249.6	22420	17914	4299.5	10614	13578	19556	12087	8559	8616.8	5785.7	21562	37937	10865	20868	29675
6256.5	22342	17899	4301.2	10632	13609	19806	12163	8624.4	8668.9	5814	21681	37641	10875	20868	29533
6202.8	22012	17680	4254.1	10439	13334	19225	11924	8454.6	8480.5	5763	21237	36619	10839	20606	28829
6178.3	22017	17687	4260.4	10442	13455	19331	11949	8487.9	8690.6	5752.9	21165	36486	10843	20488	28950
6112.1	21676	17443	4219.9	10275	13264	19051	11744	8388.3	8484.2	5706.4	20537	35277	10711	20035	27699
6136.3	21411	17346	4223.9	10356	13246	19233	11947	8492.9	8653.6	5759.9	20948	35437	10698	20210	28108
6301.1	22927	18520	4348.8	10723	13950	20433	12456	8729	8921.9	5919	22089	38649	11186	21518	30162
6265.9	22647	18183	4301.2	10577	13756	20153	12348	8714.9	8979	5919	21962	38237	11116	21309	29541
6239.4	22311	18005	4294.3	10499	13564	19776	12214	8605.5	8910.1	5852.7	21671	37199	11036	20990	29047
6259.9	22615	17929	4308.1	10549	13611	19682	12198	8644.7	8713.6	5829	21572	37337	10992	20957	29039
6305.5	22658	18277	4333.6	10696	13778	20272	12423	8731.6	9001.8	5907	21962	37782	11095	21295	29768
6274.5	22589	18161	4320.9	10619	13739	20157	12377	8691.8	8996.4	5887	21726	37174	11064	21142	29391
6334.9	23180	18402	4370.4	10800	14039	20688	12608	8871.9	9060.9	5966.6	22264	38475	11202	21489	30015
6332.3	23224	18482	4375.7	10735	14042	20478	12568	8819.6	8959.1	5952.1	22186	38462	11236	21479	29819
6301.1	23092	18455	4349.4	10699	14047	20725	12600	8900.8	9136.9	5991	22063	38689	11254	21430	29658
6334.9	23241	18467	4363.4	10745	14092	20697	12666	8896.9	8981.7	5999.2	22321	38582	11253	21460	29642
6315	22911	18221	4342.4	10688	13900	20433	12587	8874.5	9146.4	5995.9	22212	38515	11265	21553	29650
6449.8	23890	18955	4431.8	11010	14352	21338	12968	9073	9292.8	6090.5	22949	40477	11486	22331	31243
6241.1	22399	18002	4313.9	10480	13686	20052	12339	8713.6	8852.2	5911.8	21401	36329	11079	20906	28254
6242.8	22352	18127	4336.5	10550	13790	20474	12579	8801.4	8883.7	5968.3	21755	36305	11125	21066	28347
6244.5	22690	18131	4313.3	10519	13829	20330	12452	8793.6	8977.7	5973.1	21636	37199	11173	21151	28386
6261.6	22765	18131	4328.4	10639	13972	20429	12591	8877.1	9117.8	5960.2	21701	37049	11195	21028	28918
6475.5	24238	19237	4461	11072	14583	21987	13187	9195.8	9219.2	6162.3	23158	40188	11611	22457	31041
6457.7	24412	19307	4458.6	11091	14692	21967	13232	9216.5	9333.4	6171.6	23158	40608	11645	22384	31032
6424.1	24131	19217	4451.5	10936	14519	21780	13078	9102.8	9258	6158.1	22738	39635	11601	22547	30406
6429.4	23902	19180	4460.4	10997	14477	21891	13235	9154.6	9368.5	6170.7	23114	39274	11607	22378	30725
6424.1	23722	18959	4410.5	10893	14347	21271	12950	9113.7	9415.2	6124.6	22562	39370	11582	22073	30266
6396	23925	19091	4425.3	10863	14409	21582	12964	9104.2	9226.1	6148.1	22457	39081	11586	22089	29810
6382.8	23642	18679	4404.6	10798	14229	21142	12928	9075.7	9334.8	6107.1	22478	38675	11526	21997	29717
6362.7	23573	18863	4419.4	10815	14316	21440	12970	9087.9	9315.1	6132.1	22311	38106	11486	21851	29499
6343.6	22868	18333	4372.8	10681	13974	20887	12836	9016.5	9164.2	6088.8	22161	37062	11351	21577	29047
6315	23119	18609	4376.9	10664	14173	21251	12908	9051.4	9124.6	6131.3	22038	37186	11431	21617	28551
6342.7	23426	18808	4401	10745	14265	21348	12891	9069	9184.8	6130.5	21972	37552	11486	21656	29006
6379.3	23420	18640	4401	10745	14280	21194	12986	9120.5	9255.2	6147.2	22410	37899	11544	21805	29267
6489.8	24497	19241	4483.8	11033	14716	21881	13320	9294.2	9360.1	6212.2	22998	39649	11735	22373	30565
6480.8	24358	19274	4466.4	10989	14668	22012	13343	9315.1	9547.1	6258.2	23158	39860	11812	22589	30618
6419.7	24048	19221	4463.4	10900	14546	21941	13228	9230.3	9385.5	6234.3	22637	38675	11692	22300	29760
6412.7	24048	19221	4464.6	10955	14591	22114	13287	9283	9455.1	6230.9	22658	38689	11731	22342	29836
6395.1	23596	18903	4444.9	10855	14475	21906	13331	9285.8	9472.3	6242.8	22776	38080	11681	22063	29317
6451.5	24137	19144	4450.3	10938	14593	21770	13209	9269.1	9337.6	6212.2	22483	38422	11748	22089	29802
6503.2	24570	19282	4497.1	11061	14670	22212	13521	9409.6	9681.4	6300.3	23415	39988	11878	22819	30663
6488	24364	19451	4501.3	11077	14830	22631	13659	9456.5	9687.3	6345.3	23381	39398	11918	22685	30433
6440.9	23995	19019	4474.8	10992	14630	22084	13420	9353	9561.6	6261.6	22690	38028	11712	22181	29591
6436.5	23884	18959	4453.3	10891	14588	21921	13373	9371.4	9669.7	6284.8	22971	38542	11793	22161	29616
6484.4	24298	19381	4503.7	11050	14805	22552	13633	9448	9609.6	6333.2	23169	38729	11859	22552	29938
6480	24202	19464	4500.7	11034	14743	22615	13597	9411	9576.1	6341.8	23042	38330	11851	22690	30041
6392.5	23370	18812	4446.7	10857	14378	21770	13299	9264.9	9547.1	6236.8	22305	36802	11586	21861	28861
6385.4	23751	18931	4453.9	10836	14575	21936	13322	9310.9	9465.1	6271	22217	37350	11689	22073	28821
6549	24791	19678	4555.9	11226	15038	23141	13861	9596.4	9682.9	6420.6	23477	39481	11989	23081	30468
6570.7	24903	19909	4565.7	11173	14986	23064	13937	9580.4	9760	6449.8	23873	40002	12135	23297	30725
6501.4	24692	19725	4527.9	11100	15049	23114	13795	9597.9	9760	6441.8	23174	39343	12001	22862	29896
6510.3	24430	19543	4522.4	11157	14947	23004	13851	9616.9	9813.8	6447.1	23403	38878	11993	22889	30136
6479.1	24424	19506	4517	11089	14953	22776	13770	9592.1	9938	6403.9	23053	38743	11991	22562	29879
6535.5	24822	19801	4527.3	11136	15019	22868	13756	9596.4	9846.9	6443.6	23224	39523	12131	23042	30188
6474.6	24149	19095	4486.2	10978	14735	22109	13580	9499.5	9827.3	6354.9	22830	38198	11873	22311	29408
6493.3	24262	19410	4521.8	11003	14827	22615	13766	9542.8	9615.4	6428.5	23114	38303	12015	22749	29400
6605.2	25379	19952	4586.5	11322	15260	23342	14105	9764.5	10057	6521.1	23896	40784	12259	23579	31005
6593.3	25111	19995	4572.4	11222	15170	23392	14112	9739.1	10029	6545.4	23995	40188	12337	23488	30681
6603.3	25580	20268	4618	11344	15490	24036	14383	9863.5	10153	6617.9	24280	40977	12400	23925	30996
6650.9	25620	20429	4636.6	11377	15423	23972	14386	9834.9	10019	6597	24436	40740	12398	23896	31215
6554.4	24822	19602	4552.2	11200	15119	23119	14079	9768.9	9942.6	6541.8	23590	39649	12167	23026	29861
6590.6	24997	19905	4575.5	11226	15181	23443	14155	9776.4	9872.6	6562.5	23791	39565	12257	23247	30119
6516.6	24388	19406	4539.5	11072	14859	22814	13893	9644.7	9953.3	6494.2	23152	38054	12029	22857	29218
6504.1	24442	19389	4540.1	11105	14980	22889	14049	9733.2	9798.8	6508.5	23342	38435	12047	22744	29499
6589.7	25379	19930	4609.3	11318	15354	23556	14314	9854.5	10180	6556.2	23838	39804	12247	23302	30663
6566.1	25296	19909	4569.4	11177	15243	23386	14052	9798.8	10039	6574.3	23398	39579	12292	23191	29785
6489.8	24613	19573	4552.9	11109	15175	23247	14069	9751	10111	6549.9	23136	38146	12175	22895	29161
6562.5	25251	20035	4604.4	11235	15383	23745	14229	9825.8	10113	6615.2	23550	39246	12329	23596	29938
6500.5	24674	19703	4547.4	11152	15170	23308	14012	9791.3	10157	6537.3	22911	37963	12151	22653	29128
6503.2	24748	19531	4538.2	11045	15041	22998	13900	9731.7	9827.3	6534.6	22900	38146	12139	22749	28910
6517.5	24891	19691	4565.1	11179	15192	23308	14027	9801.8	10057	6546.3	23037	38316	12200	22873	29317
6553.5	25041	19909	4594.5	11189	15337	23814	14308	9906	10161	6669.3	23642	39177	12373	23522	29516
6674.8	26065	20304	4644.7	11429	15551	24095	14527	10033	10336	6706.2	24310	40962	12557	24119	30752
6667.4	25991	20465	4626	11406	15607	24042	14409	10010	10103	6683.1	23890	40318	12574	23688	30556
6706.2	26160	20335	4642.8	11471	15713	24232	14580	10133	10182	6728.5	24521	41458	12621	23907	30959
6657.3	26139	20633	4654	11464	15845	24866	14724	10185	10315	6797.8	24268	41096	12666	24155	30815
6562.5	25206	20052	4600.7	11287	15449	23902	14311	9979.3	10267	6649	23286	38729	12385	23125	29566
6607.9	25296	19987	4622.9	11355	15490	24125	14509	10049	10220	6698.8	23739	38905	12410	23409	29904
6642.6	25502	19978	4625.4	11370	15499	23925	14583	10109	10263	6740.7	24066	40088	12479	23630	30033
6628.9	25824	20402	4650.3	11360	15689	24424	14527	10043	10157	6748.1	23665	39246	12523	23873	29870
6728.5	26727	21023	4703.5	11611	16144	25515	15013	10370	10683	6901.5	24773	42089	12880	24625	31344
6723	26614	20743	4689.1	11628	16063	25004	14961	10293	10452	6829	24533	41171	12751	24131	31023
6709	26228	20642	4675.9	11584	15917	24891	14851	10298	10627	6824.3	24340	41022	12746	24001	30896
6697.9	26025	20357	4674.6	11537	15788	24600	14917	10287	10522	6840.4	24539	40770	12666	24119	30690
6642.6	25718	20096	4654	11392	15707	24286	14767	10186	10377	6793.1	24149	39635	12559	23585	29777
6697.9	26045	20420	4701	11537	15770	24619	14879	10223	10338	6819.5	24238	39931	12632	24101	30485
6786.5	26538	20924	4725.6	11694	16002	25232	15080	10333	10550	6883.3	24767	41066	12805	24613	31270
6722	26126	20596	4719.3	11635	15999	25283	15130	10372	10699	6921.6	24742	40462	12759	24418	30833
6648.1	25685	20113	4658.4	11388	15636	24036	14703	10155	10574	6783.7	23948	39164	12591	23585	29947
6696.1	25931	20483	4680.3	11524	15746	24582	14843	10236	10574	6848	24149	39593	12725	24078	30258
6628.9	25054	19939	4632.2	11273	15374	23960	14654	10108	10354	6800.7	23797	38211	12555	23471	29383
6662.8	25891	20290	4673.4	11382	15704	24328	14724	10185	10288	6840.4	23791	38972	12656	23809	29574
6685	26079	20281	4679	11470	15851	24328	14821	10256	10458	6837.5	23954	39551	12714	23768	30084
6761.2	26289	20813	4718.7	11548	15914	25149	15097	10370	10539	6970.9	24668	40375	12921	24533	30503
6735.1	26448	20776	4711.7	11609	16030	25105	15016	10413	10752	6933.2	24328	40638	12862	24364	30406
6656.4	25639	20135	4674.6	11421	15713	24149	14811	10245	10572	6851.8	23919	38783	12632	23613	29760
6833.8	27580	21494	4807.4	11904	16664	26385	15651	10683	10990	7114.4	25424	42609	13214	25444	31775
6815.8	27380	21099	4777.2	11845	16477	25791	15536	10652	10834	7042.2	25168	42058	13035	24891	31484
6760.3	26358	20817	4734.5	11668	16085	25360	15263	10475	10860	6994.3	24619	40174	12897	24497	30716
6779	26607	20789	4738.3	11671	16051	25232	15192	10506	10630	7009.9	24699	40448	12959	24600	30556
6748.1	26262	20725	4721.8	11654	16054	25412	15249	10519	10659	7034.4	24680	39974	12884	24376	30292
6762.1	26461	20976	4754.2	11685	16097	25600	15291	10489	10713	7037.3	24619	39789	12921	24625	30459
6818.6	26904	21042	4764.4	11768	16212	25778	15432	10644	10947	7125.4	25136	41427	13105	25149	30978
6806.3	27061	21165	4774.6	11798	16423	26112	15528	10721	10971	7136.3	24978	41748	13134	24910	31068
6789.4	27039	21170	4775.3	11694	16303	25771	15334	10550	10738	7096.5	24674	40492	13087	25010	30601
6716.5	26072	20638	4721.8	11537	15908	24966	15108	10422	10723	7004	24214	38945	12913	24166	29616
6818.6	27344	21358	4790.7	11769	16423	25998	15449	10646	10701	7150.3	24953	41051	13212	25200	30905
6884.2	27624	21450	4822.2	11955	16632	26503	15863	10898	10947	7265.5	25837	43077	13331	25692	31605
6675.7	26018	20420	4711.1	11518	16021	25060	15161	10501	10656	7041.2	23954	38716	12851	23954	29136
6703.5	25978	20656	4732	11567	16063	25219	15235	10489	10805	7059	24101	38716	12915	24178	29642
6740.7	26642	20776	4731.3	11652	16218	25502	15294	10662	10862	7113.4	24424	40332	13060	24244	29717
6815.8	26918	20873	4770.8	11798	16353	25679	15589	10788	10966	7195.5	25079	41291	13168	24860	30503
6967.1	28678	22228	4878.1	12169	17126	27662	16224	11137	11141	7387.1	26255	44346	13618	26133	32481
6939	28638	22043	4875.5	12119	17143	27461	16122	11082	11449	7356	25978	43938	13595	26241	32207
6902.4	27684	21636	4850.1	11991	16622	26566	15896	10881	11222	7276.8	25659	41980	13387	25725	31549
6898.6	28093	21701	4847.5	12013	16808	26776	15836	10968	11189	7302.4	25392	42641	13431	25535	31335
6824.3	27366	21137	4805.5	11876	16564	26018	15716	10834	11171	7202.6	24916	40799	13191	24829	30699
6857.5	27329	21280	4793.9	11874	16512	26031	15663	10882	10938	7254.3	25029	41595	13306	24997	30530
6892.8	27491	21621	4841.7	11961	16680	26769	15914	10905	11309	7304.4	25360	41156	13368	25496	31233
6894.7	27925	21508	4847.5	11981	16805	26406	15881	10943	11129	7284.9	25270	41748	13399	25283	31178
6931.3	28054	21941	4880.1	12109	16994	27572	16284	11137	11395	7440.5	26221	42979	13652	26241	31899
6975.8	28893	22094	4891.9	12241	17304	27744	16442	11256	11505	7459.4	26434	44175	13705	26317	32324
6792.2	26847	20762	4786.8	11766	16442	25738	15749	10862	11207	7245.1	24947	40159	13152	24497	30050
6852.7	26840	21018	4802.2	11871	16379	26065	15782	10895	11040	7298.3	25029	40116	13230	24853	30223
6907.2	27857	21435	4848.1	11981	16658	26379	15932	11001	11333	7343.6	25450	41733	13460	25646	30860
6859.4	27491	21014	4794.5	11832	16599	25844	15678	10917	11038	7288	24947	40594	13336	24686	30041
6833.8	27461	21382	4833.2	11894	16729	26656	15981	11041	11204	7376.7	25092	40992	13389	25105	30477
6913.9	27970	21636	4863.8	12007	16868	26698	15981	11043	11150	7393.4	25264	41473	13514	25646	30869
6980.6	28193	21921	4904.4	12200	17058	27528	16407	11242	11401	7474.2	26018	42435	13623	25904	31624
6926.4	28131	21805	4868.3	12081	16968	27111	16200	11189	11294	7470	25699	42530	13630	25679	31050
7108.4	29667	22792	4981.9	12502	17644	28646	16858	11458	11750	7620.6	27061	44865	14034	27140	33194
7061.9	29366	22499	4951.3	12373	17450	27879	16551	11368	11630	7563.6	26420	44363	13957	26748	32689
7037.3	29483	22679	4966.5	12452	17584	28512	16720	11462	11622	7599	26538	44414	13977	26762	32540
7063.9	29458	22441	4959.2	12377	17502	27940	16628	11414	11771	7600.1	26566	44380	13932	26705	32510
6824.3	27198	20878	4820.3	11892	16615	25944	15935	11040	11384	7350.8	24699	39818	13257	24686	29810
6864.2	27220	21146	4831.9	11937	16651	26310	16045	11136	11386	7460.5	25136	40755	13429	25111	30084
6970	28725	22191	4934.7	12290	17307	27744	16484	11362	11658	7551.8	25851	42562	13761	26025	31586
6966.1	28146	21951	4901.7	12097	16944	27220	16344	11235	11418	7562.5	25857	41995	13770	26072	31178
6959.3	27902	21785	4897.1	12057	16864	27032	16325	11204	11503	7551.8	25791	41610	13739	25998	30833
6918.7	27993	21621	4886	12063	17028	27111	16306	11278	11326	7553.9	25470	41549	13645	25692	30327
6984.5	28765	22269	4943.3	12271	17436	28070	16654	11431	11486	7656.4	26005	42546	13876	26379	31233
7035.4	28781	21982	4934	12337	17304	27557	16700	11518	11569	7678.2	26379	43736	13861	26392	31596
6919.7	28108	21825	4907.6	12113	17150	27498	16436	11318	11556	7617.4	25483	41231	13715	25978	30441
7013.8	28591	21841	4926.8	12261	17211	27119	16464	11403	11656	7580.7	25837	42387	13751	25857	31233
6906.3	27955	21626	4891.2	12019	16981	26882	16159	11215	11650	7559.3	25117	40564	13683	25666	30292
6938	28070	21460	4898.4	12111	17052	26854	16445	11342	11466	7577.5	25653	41186	13614	25373	30459
7007	28630	22073	4927.4	12253	17318	27766	16641	11503	11633	7703.4	26052	42737	13890	26351	30987
7014.8	28709	21881	4940	12333	17349	27543	16752	11556	11631	7702.3	26106	42737	13861	26139	31114
7136.3	29650	22906	5034.3	12579	17845	28934	17211	11719	12059	7830.8	27126	44449	14226	27454	32819
7110.4	29981	22765	5002	12490	17762	28630	16931	11717	11820	7822.9	26741	45218	14219	27234	32197
7041.2	29194	22311	4952.6	12366	17548	28001	16765	11647	11929	7769.5	26276	43887	14105	26503	31381
7073.8	29104	22363	5006.7	12507	17623	28520	17055	11708	11918	7808.4	26586	43028	14024	26861	31842
6931.3	27602	21612	4896.5	12129	16898	26847	16306	11287	11462	7603.3	25124	39874	13609	25463	30058
6959.3	28093	21592	4900.4	12165	17085	26720	16293	11384	11539	7612	25117	40844	13715	25424	30459
7145.3	30240	22960	5047.1	12716	18153	29300	17513	11947	12284	7934.6	27476	45594	14334	27543	32889
7218.8	31005	23398	5074.3	12855	18341	29541	17415	12007	12192	7955.1	27565	46270	14561	27842	33586
7100.5	29400	22342	5004	12509	17651	27932	16928	11710	11869	7786.2	26330	43289	14029	26510	31718
7026.5	28958	22373	4995.9	12379	17612	28347	16978	11664	11789	7858.8	26119	42261	14029	26663	30833
7139.3	29625	22431	4994.6	12545	17719	28200	17038	11820	11965	7880.2	26847	44277	14198	26811	32014
7142.3	29717	22868	5032.9	12658	17776	28757	17177	11777	11993	7902.8	26741	43454	14211	27126	32062
7018.7	28958	22352	4978.5	12402	17619	28355	16991	11710	11764	7887	26106	42308	14084	26614	30869
7079.7	29400	22363	4999.3	12494	17705	28270	17058	11835	12111	7917.5	26720	43503	14208	26621	31577
6971.9	28200	21711	4953.2	12271	17273	27366	16736	11612	12023	7778.4	25554	40918	13778	25884	30266
6987.5	28223	21967	4959.9	12298	17311	27819	16818	11643	11719	7830.8	25804	40873	13925	25944	30450
6933.2	27940	21805	4940.6	12194	17270	27513	16667	11546	11715	7809.6	25213	40059	13809	25811	29743
6976.8	28433	21967	4961.9	12280	17321	27565	16625	11601	11941	7809.6	25366	40888	13925	26025	30119
7180.4	30494	22900	5072.9	12746	18150	28821	17366	11987	12188	7981.4	26968	44500	14373	27205	32324
7184.4	29692	22792	5055.3	12759	17965	29267	17506	12091	12304	8056.3	27169	44107	14295	27358	32168
7176.4	29930	22879	5059.3	12751	18031	29300	17517	12053	12427	8084.2	27242	44158	14391	27402	32139
7190.5	29913	22765	5073.6	12803	17998	29194	17492	12071	12263	8043.6	26953	43887	14298	27256	32187
7265.5	30996	23705	5141.5	12935	18467	30574	18061	12302	12628	8256.6	28394	46568	14792	28686	32980
7247.2	31078	23460	5119.4	12869	18383	29819	17669	12175	12551	8173.4	27565	45811	14673	28324	32929
7096.5	29185	22331	5034.3	12579	17762	28449	17346	11991	12406	8048.2	26670	43142	14221	26896	31215
7167.4	29675	22857	5065.4	12668	17881	28813	17405	11985	12259	8066.8	26861	43570	14391	27344	31785
7191.5	30362	23141	5084.5	12812	18172	29350	17457	12131	12532	8097	26882	44552	14480	27528	32129
7168.4	29574	22733	5058	12662	17820	28877	17492	12039	12263	8121.6	27068	43503	14383	27256	31775
7174.4	30024	23103	5095.4	12725	18157	29516	17737	12159	12395	8206.5	27380	44311	14575	27842	31633
7211.7	30301	23297	5100.2	12759	18101	29516	17637	12127	12456	8198.2	27410	44449	14649	28085	32275
7159.3	30231	23108	5083.8	12742	18247	29625	17647	12243	12441	8208.9	27111	44621	14546	27439	31605
7160.3	30266	23092	5067.5	12751	18183	29533	17541	12228	12377	8210.1	26939	44604	14561	27336	31493
7209.7	30433	22808	5087.2	12818	18228	29063	17676	12267	12615	8186.4	27336	44918	14498	27307	31956
7204.6	30512	23048	5094.7	12801	18221	29088	17559	12167	12269	8179.3	26975	44107	14517	27557	32062
7317.8	31643	23676	5151.8	13042	18698	30188	18098	12473	12606	8356.6	28386	47078	14944	28606	33379
7299.3	31549	23751	5168.5	13121	18784	30389	18094	12467	12668	8337.2	28016	46362	14873	28520	33472
7095.5	28853	22207	5018.8	12566	17637	28169	17283	12023	12329	8129.8	26303	41825	14193	26531	30601
7116.4	29153	22394	5043.1	12543	17740	28285	17318	12027	12222	8149.8	26296	42151	14339	26868	30636
7253.3	30627	23224	5120.8	12924	18371	29827	17932	12387	12553	8332.4	27639	44656	14662	27872	32149
7275.7	30690	23499	5161.5	12981	18386	29955	18005	12325	12720	8315.5	27609	44243	14657	28123	32520
7185.4	30179	22771	5082.5	12766	18168	28966	17655	12276	12557	8257.8	27039	43921	14527	27126	31456
7172.4	30197	22695	5081.8	12814	18296	29047	17715	12317	12391	8226.7	26868	43570	14459	27054	31428
7268.6	31078	23286	5127	12973	18617	29844	17918	12504	12785	8377.3	27684	45540	14857	27872	32178
7261.4	31261	23682	5151.8	13013	18617	30231	17907	12448	12619	8377.3	27285	45325	14830	28254	32412
7350.8	31540	23913	5197.7	13205	18816	30923	18425	12647	12684	8473.1	28309	46307	14964	28781	33399
7381.9	31586	24030	5208.9	13248	18784	30788	18386	12626	12917	8474.3	28309	46140	14939	28926	33555
