16951	56309	38783	14037	42403	41246	29921	40462	25587	25798	22166	43223	56282	26065	51249	35483
17349	60323	41037	14293	43703	43012	31105	41871	26011	26559	22862	45343	58879	27300	54808	36827
17290	59520	40419	14293	44226	42866	30923	42120	26330	26783	22841	45289	59461	26840	54159	36778
17601	64800	43125	14561	46344	45594	32294	43044	26882	27003	23213	46122	62471	27872	57224	38172
17552	63916	41949	14532	45594	45076	31861	43770	26882	27140	23197	47367	62214	27572	56071	38237
17055	58678	39509	14142	42562	41733	30153	40535	25646	26194	22228	43904	57142	26448	52341	36067
17099	57859	40346	14165	42834	41933	30779	40638	25457	26005	22321	43273	55420	26406	52808	36079
16994	57971	39384	14145	42514	41887	29964	40174	25489	25811	21967	42995	56176	26235	51316	36031
16871	57915	39917	14079	41717	41733	30397	39733	25366	25765	22269	42721	55939	26461	52341	35610
16580	53645	37425	13829	40711	39705	29177	39054	25092	25483	21686	41595	53476	25418	48960	34397
16792	55575	38015	13932	41051	39974	29088	38689	24972	25444	21528	41610	54060	25705	50027	34782
16798	57471	39551	13992	41687	42026	30521	40031	25758	26072	22384	42578	56256	26441	51204	35220
16881	57803	39747	14057	41717	41458	30258	39607	25476	25600	22274	42737	56388	26413	52341	35668
17174	60504	40947	14247	43921	43653	31114	41367	26112	26649	22504	44175	57554	26911	53500	36583
17232	59256	41081	14332	43669	42530	31032	41641	25771	25824	22515	44743	56844	26684	54357	37137
16921	58479	39917	14155	42245	42578	30636	40608	25758	26126	22488	43371	56309	26705	52879	35564
17025	58139	40031	14087	43109	42482	30433	40245	25951	25857	22145	42818	56548	26496	51585	35961
17008	58027	39789	14153	42963	41980	30424	40404	25679	26303	22222	43207	56123	26358	52879	36055
16944	57251	39412	14054	42403	41595	30214	40564	25765	25937	22415	43770	56495	26358	52714	35657
16645	54085	38251	13868	40888	39874	29574	39095	24897	25143	21780	41825	52433	25496	49730	34528
16619	54909	38080	13829	41096	40419	29218	38649	24947	25476	21391	41231	52974	25600	48816	34727
16924	59082	39988	14022	41856	42058	30214	39663	25496	25897	22279	43077	57006	26727	53021	35622
17031	58851	39495	13999	42324	42183	29896	39959	25574	25653	22099	43703	56548	26572	51721	35949
17662	65320	42324	14443	45847	45630	31605	42882	26896	27220	23097	47463	62535	28123	56736	38224
17591	64525	42230	14540	46233	45361	31671	43586	26868	27256	22857	46718	61364	27506	56602	38146
17391	63120	41995	14438	45378	45006	31530	43109	26510	26776	22744	46325	59844	27271	55627	37950
17471	63219	41825	14339	44971	44432	30896	41503	26180	26351	22478	45165	59520	27498	55112	37821
16908	58621	39860	14002	41918	42026	30119	40116	25386	25745	22233	43553	56709	26663	52902	35575
16921	58252	40116	14027	42530	42183	30345	40375	25745	25844	22207	43437	57033	26566	51995	35680
17318	62087	40844	14308	44022	43044	30354	41306	25831	26454	22279	45041	58621	27054	55214	37161
16828	56709	38635	13952	42073	41276	29466	40245	25289	25418	21750	43125	55291	26058	51160	35472
16746	56763	39495	14017	41810	41933	29836	40594	24941	25200	21810	42498	54159	26201	51835	35414
16914	58167	39635	14024	42802	42230	29879	40755	25315	25791	21805	43437	55343	26392	51631	36257
16898	56736	39705	13992	42293	41306	30076	40888	25079	25580	22109	43536	54657	26099	52294	35610
17377	62924	41519	14301	45414	44761	30851	43338	25877	26317	22467	45939	59874	26045	54909	37641
17215	61364	41503	14112	44294	44141	29449	42641	24637	24985	22605	45094	59111	19435	55835	37211
16729	56925	39013	13182	41473	41276	26925	39565	23026	23505	21671	42435	54934	15195	50587	34927
16165	50112	36827	10832	40131	39789	24304	37873	21085	21416	21228	41337	50522	10488	48171	33555
16480	53938	39974	9968.6	44192	44346	24674	40755	20780	20817	22342	45738	53355	9545.6	53452	35796
15235	46251	38237	7942.5	41918	41337	21276	36462	17304	17762	22285	45325	45576	7800.6	48878	33000
14198	40711	35552	7011.8	38823	37873	18804	32363	15263	15557	21587	42786	40088	6945.7	43044	30556
13075	35867	33493	5883	36901	33860	15446	27366	12446	12838	21319	42898	34616	5999.2	37654	29449
12271	32669	31766	5411.7	34506	31215	14012	24853	11154	11575	20995	41810	31446	5686.3	33410	28016
11329	28926	30024	4848.1	31344	26818	11890	20887	9269.1	9731.7	21127	42277	28262	5363.1	28116	27133
11034	27520	30084	4684.7	30530	24978	11200	19414	8525.2	8802.7	21377	43388	26996	5225	26146	27424
10166	24214	27827	4348.8	26961	21523	9964	16287	7464.7	7786.2	21280	42995	24922	5033.6	21676	26399
9939.5	22615	26896	4221.1	25685	19686	9449.4	15041	7011.8	7075.7	21037	43487	23983	4945.3	19840	26572
9290	20009	24570	4000.4	22207	16998	8560.2	12877	6355.8	6531	20633	42818	22441	4861.2	16632	25818
8911.4	18482	23420	3913.3	20483	15669	8184	11857	6054.9	6121.3	20175	40726	21232	4758	15203	25067
8441	16079	21362	3759.6	18002	13611	7595.8	10341	5684.8	5768.5	19606	40404	19917	4689.1	13100	24613
8346.9	15686	21146	3745.4	17391	13216	7455.2	9896.9	5636.6	5716.4	20052	42721	20228	4749.8	12553	25111
7923.2	13746	19377	3615.7	15167	11561	6897.6	8668.9	5346.5	5488.8	19225	40755	18947	4713	11134	24454
7682.6	12946	18394	3555.1	14203	10898	6606.1	8086.6	5213.8	5338.6	18524	38555	18299	4651.5	10494	23780
7315.7	11633	17058	3466.2	12705	9872.6	6204.5	7208.6	5053.9	5118.7	17787	36643	17380	4615.5	9574.6	23136
7319.8	11284	16821	3502.9	12427	9606.7	6100.5	6942.8	5065.4	5059.3	17662	38133	17495	4653.4	9317.9	24101
7068.8	10267	15660	3411.4	11200	8810.5	5763	6224.1	4945.9	4917.5	16841	36462	16898	4679	8732.9	23607
6924.5	9713.9	15105	3392.7	10693	8390.7	5629.8	5944.8	4874.9	4860.5	16234	35028	16275	4602.5	8463.2	23375
6734.1	9048.7	14102	3337.5	9789.8	7821.8	5366.7	5408.8	4813.2	4765.7	15522	33754	15950	4630.4	8145.1	23108
6646.3	8721.3	13719	3318.7	9405.3	7609.8	5282.2	5192.1	4807.4	4855.9	15170	33420	15872	4642.2	8020.5	23108
6451.5	8129.8	13064	3278.1	8702.1	7195.5	5142.2	4802.2	4742.8	4773.4	14153	31114	15323	4635.3	7760.7	22771
6310.6	7802.9	12473	3242.5	8293.8	6966.1	5037.7	4638.5	4677.1	4631.6	13455	29684	14775	4560.2	7560.3	22228
6127.1	7348.7	11839	3193.3	7636.9	6567	4915.5	4359.3	4640.9	4601.3	12781	28551	14306	4536.4	7449.9	21621
6057.4	7157.3	11490	3163.2	7384	6422.4	4841.7	4168.1	4613	4664	12161	27263	14087	4514.6	7337.4	21636
5915.8	6789.4	10955	3134.7	6937.1	6169.1	4784.9	3976.7	4584.1	4568.1	11399	26038	13790	4541.9	7301.3	21338
5875	6715.5	10844	3134.7	6752.8	6075.6	4756.8	3903.3	4573.6	4688.4	11072	25818	13749	4567.5	7289	21319
5756.8	6478.2	10426	3123.3	6427.6	5877.4	4688.4	3762.2	4555.3	4516.4	10204	24406	13361	4497.1	7203.6	21280
5689.4	6321	10091	3103.3	6191.8	5730.4	4605.6	3641.9	4507.9	4524.3	9777.9	23670	13103	4477.8	7178.4	20910
5583.6	6131.3	9722.8	3049	5910.2	5586.6	4587.1	3521.7	4501.3	4431.8	9113.7	22520	12952	4554.1	7141.3	20799
5599.4	6117.9	9693.2	3081.3	5848.8	5543.1	4593.3	3509.7	4515.2	4549.2	8869.3	22452	12858	4575.5	7186.5	21127
5491	5996.7	9420.9	3064.5	5675.6	5433.6	4546.1	3429.8	4500.7	4536.4	8244.6	21548	12647	4540.1	7105.5	20720
5420.4	5873.4	9085.2	3024.7	5512.5	5337.2	4482.6	3361.6	4473.6	4452.1	7833	20720	12346	4505.5	7042.2	20469
5347.2	5733.5	8814.4	3000.1	5312.1	5197.7	4452.1	3265.9	4439	4391	7346.7	20052	12163	4579.8	7060.9	20201
5366.7	5757.6	8833.9	3024.7	5322.1	5229.9	4512.2	3297.2	4497.7	4438.4	7209.7	20335	12292	4666.5	7127.3	20817
5292.1	5687.1	8590.4	3018.3	5192.8	5115.3	4431.2	3215.6	4431.8	4396.9	6678.5	19435	12071	4606.9	7045.2	20366
5173.3	5572.3	8314.2	2948.5	5047.1	5020.1	4377.5	3128.1	4386.9	4379.2	6338.4	18165	11675	4542.5	6909.1	19661
5119.4	5502.8	8162.7	2954.8	4965.9	4962.6	4359.9	3047.3	4357.5	4417.6	5999.2	17762	11628	4593.3	6897.6	19589
5215.9	5593.4	8175.7	2980.7	4992.6	5005.3	4420.5	3095.5	4431.2	4376.9	5875	18124	11843	4713	7055	20474
5098.9	5498.4	7990.6	2948.9	4880.7	4941.3	4408.7	3068.3	4400.4	4440.1	5558	17242	11528	4649	6937.1	19900
5004	5396.4	7739.7	2899.6	4756.8	4855.3	4327.8	2997.6	4323.2	4265.5	5320	16641	11296	4620.5	6848.9	19160
5014.1	5398.6	7708.9	2916.1	4704.2	4821.6	4331.3	2938.9	4320.9	4403.4	5104.3	16372	11271	4673.4	6897.6	19539
5051.2	5474	7716.6	2942.7	4759.3	4897.8	4374.5	2954.8	4375.1	4450.3	5048.5	16632	11537	4775.3	6953.5	20122
4998.6	5431.4	7574.3	2925.6	4691.6	4841.7	4360.5	2957.3	4375.7	4446.7	4844.9	16088	11412	4747.2	6920.7	19814
4922.8	5363.8	7399.6	2902.5	4640.3	4804.8	4311.6	2909.1	4315.1	4357	4660.3	15522	11145	4674.6	6810.1	19352
4823.5	5280.8	7204.6	2848.5	4524.3	4748.5	4292	2831.9	4281.6	4160.8	4476	14816	11031	4703.5	6774.3	18836
4912.2	5399.3	7325	2922.7	4601.3	4818.4	4352.9	2858.3	4311.6	4310.4	4471.8	15203	11258	4812.5	6952.5	19733
4840.4	5331.4	7154.3	2882.4	4547.4	4767.6	4329	2855.4	4296	4286.2	4301.8	14708	11082	4785.5	6827.1	19356
4882.7	5381.2	7119.4	2878.3	4541.3	4771.5	4349.4	2882.8	4351.1	4280.5	4270.1	14689	11207	4799	6913.9	19636
4830	5350.8	7028.5	2876.6	4496.5	4739	4309.3	2810.1	4309.3	4322	4166.4	14378	11136	4824.2	6900.5	19385
4848.1	5376.1	6993.3	2881.1	4501.3	4751	4337.7	2807.3	4311	4125.7	4108	14249	11211	4871.6	6955.4	19619
4786.2	5342.2	6897.6	2861.5	4452.1	4731.3	4357.5	2821.8	4307.5	4168.6	4018.7	13863	11049	4893.8	6913	19393
4728.2	5331.4	6789.4	2832.3	4393.4	4672.8	4265.5	2782.5	4259.2	4258.1	3901.7	13387	10879	4822.9	6799.7	19035
4690.9	5302.1	6692.4	2814.6	4361.6	4644.7	4260.4	2756.7	4267.3	4243.8	3851.4	13187	10857	4833.2	6823.3	18891
4746.6	5357.3	6754.7	2866.8	4434.2	4713	4309.9	2764.2	4290.8	4237.5	3871.2	13399	11096	4899.1	6944.8	19497
4703.5	5366.7	6705.3	2842.8	4396.3	4702.9	4327.8	2757.1	4266.1	4179.9	3818.2	13084	11089	4975.9	6944.8	19213
4624.8	5286.4	6561.6	2815.4	4368.7	4641.6	4272.4	2740.8	4249.5	4335.4	3747.4	12746	10786	4874.2	6791.2	18765
4619.2	5317.8	6505	2812.6	4346.5	4630.4	4252.9	2717.6	4228.5	4142.4	3693.3	12570	10857	4884	6848.9	18792
4577.9	5281.5	6436.5	2793.3	4326.1	4618.6	4246.7	2704.7	4225.6	4167.5	3670.8	12423	10846	4880.7	6818.6	18590
4594.5	5332.1	6433.8	2804.1	4312.8	4613	4239.8	2711.4	4233.6	4259.8	3604.4	12169	10822	4941.3	6835.6	18951
4610.6	5365.2	6474.6	2825.4	4379.8	4675.9	4311	2735.7	4255.8	4243.8	3646.9	12354	11006	5000.6	6917.8	19160
4609.3	5429.2	6440.9	2819	4347.6	4656.5	4278.7	2732.6	4270.1	4331.9	3602.4	12175	11026	5006	6946.7	19249
4524.3	5358.8	6354.9	2792.5	4297.1	4617.4	4255.2	2697.3	4255.2	4336	3574.5	11886	10912	4965.9	6870.8	18718
4506.7	5322.1	6299.4	2788.5	4301.2	4609.3	4271.3	2690.3	4208	4230.7	3544.9	11810	10860	5003.3	6884.2	18722
4539.5	5417.5	6383.7	2820.2	4360.5	4665.9	4314.5	2714.5	4258.1	4327.8	3557.5	11800	11020	5073.6	6965.1	19115
4521.2	5440.9	6345.3	2803.3	4347.6	4647.2	4309.9	2721.6	4262.7	4323.8	3517.4	11588	10999	5047.8	6970.9	18999
4479.6	5342.9	6176.6	2761.8	4296.6	4586.5	4261	2691.8	4206.9	4159.1	3464.3	11455	10848	4995.9	6873.7	18543
4441.3	5359.5	6149.7	2752.7	4273	4592.1	4260.4	2665.8	4186.6	4124.6	3447.7	11233	10898	5057.3	6894.7	18383
4500.7	5435	6230.9	2795.3	4362.2	4654.6	4296	2701.6	4259.8	4309.3	3486.2	11468	11121	5126.3	6963.2	19144
4480.2	5449.7	6213.9	2798.5	4361.1	4648.4	4289.1	2705.9	4225	4264.4	3455.7	11357	11102	5104.3	6994.3	18935
4430.6	5397.1	6080.5	2760.2	4322	4605.6	4239.3	2679	4209.7	4269.5	3425.5	11145	11027	5048.5	6905.3	18509
4408.7	5401.5	6079.7	2748.7	4294.8	4595.1	4278.7	2675.5	4196.7	4153.5	3396.9	10983	10989	5101.6	6957.4	18455
4396.3	5378.3	6053.3	2747.6	4296	4568.1	4235.3	2651.6	4159.1	4193.4	3392.7	10928	10962	5103	6922.6	18409
4371.6	5397.1	6024.5	2739.3	4302.3	4563.2	4238.1	2680.2	4193.4	4238.1	3373.2	10774	10983	5085.9	6929.3	18360
4428.3	5496.9	6086.3	2774.5	4364	4650.3	4286.2	2689.9	4206.3	4183.2	3384.3	10896	11213	5138.7	7002.1	18820
4393.9	5508.8	6074.8	2760.2	4350.5	4630.4	4285.6	2675.5	4240.4	4275.3	3381.1	10755	11264	5192.1	7021.6	18718
4383.9	5460	5980.4	2740.4	4346.5	4624.8	4283.9	2671.3	4196.7	4120.1	3353.2	10706	11184	5169.8	6973.8	18559
4337.7	5463.7	6006.5	2757.8	4345.9	4609.9	4275.9	2692.2	4195.1	4252.4	3340.8	10539	11127	5170.5	7001.1	18532
4306.4	5411.7	5926.2	2727.8	4326.7	4574.3	4233.6	2660.1	4158	4239.3	3305.4	10401	11029	5100.9	6898.6	18254
4330.2	5464.4	5946.4	2729.4	4350	4581	4216	2635.8	4155.2	4250.7	3299.5	10340	11175	5151.1	6957.4	18394
4403.4	5588.9	6030.3	2772.1	4434.2	4664.6	4333.6	2705.5	4266.1	4298.3	3346.8	10574	11471	5256.7	7135.3	19140
4374.5	5594.9	6035.2	2776.9	4455.1	4682.2	4318.5	2696.1	4230.7	4312.2	3344.5	10486	11496	5287.2	7119.4	19127
4339.5	5541.6	5951.3	2737.3	4373.4	4610.6	4299.5	2700.4	4200.1	4174.8	3313.2	10398	11401	5244.7	7069.8	18655
4294.3	5559.5	5940.8	2745.6	4391	4626	4293.7	2686.4	4205.2	4243.8	3306.8	10247	11371	5227.8	7083.6	18539
4344.7	5626.7	5992.6	2754.3	4455.7	4707.3	4357	2696.9	4234.1	4190.5	3346.8	10411	11668	5320.7	7162.3	18800
4324.9	5630.5	5973.9	2761.4	4470.6	4694.1	4347.6	2710.6	4226.7	4262.1	3338.5	10357	11658	5332.1	7156.3	18871
4266.7	5531.1	5882.2	2714.9	4391	4583.5	4261.5	2662.8	4153	4247.2	3277.2	10069	11388	5248.2	7023.6	18296
4260.4	5588.9	5837.7	2698.5	4402.8	4631.6	4281.6	2675.1	4175.4	4132.9	3250.1	9994.7	11507	5241.2	7018.7	18224
4239.3	5558.8	5836.9	2711	4406.3	4608.1	4258.7	2655	4156.3	4214.8	3268.2	10018	11498	5243.3	7040.3	18105
4253.5	5604.7	5867	2722	4439	4622.9	4301.2	2680.2	4177	4262.1	3260.9	9913.6	11531	5274.4	7084.6	18470
4241	5597.9	5840.8	2706.3	4430.6	4604.4	4280.5	2683.7	4176.5	4209.7	3259.1	9892.3	11592	5273	7077.7	18254
4236.4	5638.1	5855.1	2708.2	4467	4651.5	4297.1	2673.6	4175.4	4228.5	3269.1	9907.5	11731	5287.9	7069.8	18337
4292	5735.8	5930.3	2734.9	4493.4	4684.7	4344.7	2708.2	4218.8	4230.2	3278.1	10019	11941	5387.7	7234	18671
4292.5	5737.3	5909.4	2750.7	4564.5	4698.5	4339.5	2700.4	4204.1	4213.1	3276.3	10015	12033	5377.5	7222.8	18939
4304.1	5799	5945.6	2744	4559	4730.1	4382.8	2716.1	4203.5	4140.1	3276.8	9956.3	12111	5432.1	7253.3	18855
4283.9	5778.6	5948.8	2750.3	4592.7	4722.5	4370.4	2720.4	4203	4270.1	3284.5	9990.1	12119	5407.3	7257.4	18859
4298.9	5808.5	5913.4	2736.5	4588.4	4713.6	4362.8	2722.3	4222.2	4181.5	3253.3	9893.8	12214	5402.2	7280.8	18844
4251.2	5795.9	5938.3	2738.9	4577.3	4701.6	4369.3	2712.2	4199	4306.4	3278.6	9827.3	12149	5425.5	7279.8	18702
4317.4	5860.7	5947.2	2743.6	4649	4751	4415.2	2755.5	4265	4206.3	3295.9	9999.3	12513	5485.8	7336.3	19095
4262.7	5847.2	5977.2	2755.9	4656.5	4759.3	4418.8	2744.4	4216.5	4287.9	3284	9869.6	12339	5438.7	7329.1	18911
4254.1	5852.7	5925.4	2720	4627.9	4747.2	4387.5	2716.9	4197.3	4136.2	3253.3	9770.4	12400	5437.2	7267.6	18671
4263.8	5884.6	5952.1	2732.6	4642.8	4729.4	4402.2	2740.1	4227.9	4261.5	3266.4	9800.3	12456	5485.1	7345.6	18875
4247.8	5923	5977.2	2755.1	4694.1	4790.7	4435.4	2753.1	4256.9	4332.5	3275.9	9782.4	12551	5490.2	7356	19039
4273.6	5939.1	5990.2	2751.9	4721.8	4774	4434.8	2776.1	4258.7	4347.6	3288.1	9874.1	12673	5509.5	7401.7	19111
4205.8	5891.8	5911	2723.9	4692.2	4776.6	4420.5	2747.2	4206.3	4217.1	3259.6	9700.6	12511	5446	7300.3	18547
4233	5930.3	5943.2	2725.9	4694.1	4770.2	4450.3	2759.8	4223.9	4189.4	3261.8	9731.7	12673	5508	7391.3	18652
4278.2	6015.5	5986.9	2740.4	4764.4	4815.1	4460.4	2775.3	4259.8	4267.8	3246.1	9740.6	12822	5542.3	7407	19200
4270.1	6029.4	5976.4	2736.1	4769.5	4803.5	4465.8	2789.7	4250.1	4219.9	3260.5	9771.9	12937	5552	7444.7	18991
4218.8	5983.7	5944	2727.5	4726.3	4764.4	4417	2766.6	4205.8	4245.5	3220.5	9565.9	12662	5463.7	7356	18687
4203	5981.3	5957.7	2729.4	4774	4795.2	4447.9	2764.6	4220.5	4284.5	3264.1	9703.6	12842	5514.7	7390.3	18628
4288.5	6137.2	6064	2780.9	4882.7	4877.5	4510.3	2813.4	4300.6	4381	3302.7	9933.4	13294	5608.5	7548.6	19585
4290.2	6152.3	6090.5	2776.5	4917.5	4885.3	4553.5	2844.1	4327.8	4373.9	3298.6	9856	13301	5619.1	7568.9	19518
4255.8	6128	6064.8	2760.6	4911.6	4889.9	4540.7	2815.8	4267.3	4251.8	3273.6	9752.5	13297	5588.1	7504.9	19192
4242.7	6141.4	6034.4	2762.2	4920.2	4884	4511.6	2817.8	4284.5	4373.4	3271.3	9751	13324	5558	7508.1	19184
4294.3	6234.3	6114.6	2778.1	4959.9	4933.4	4548	2827.9	4298.3	4337.1	3298.6	9884.7	13599	5664.1	7592.6	19640
4269.5	6196.1	6077.2	2771.7	4983.2	4924.1	4565.1	2849.3	4308.1	4309.9	3294	9836.4	13590	5631.3	7567.8	19402
4298.9	6285.6	6189.3	2797.3	5000.6	4933.4	4594.5	2870.1	4323.8	4437.8	3304.1	9893.8	13715	5691.7	7688.1	19699
4302.3	6317.6	6142.2	2778.5	5004	4955.9	4595.8	2870.9	4312.8	4271.8	3282.2	9833.4	13856	5691.7	7705.6	19636
4233.6	6220.7	6047.5	2738.1	4931.4	4897.1	4554.1	2834.7	4266.7	4211.4	3260.5	9693.2	13599	5632.8	7558.2	18923
4230.2	6220.7	6103.8	2764.6	4990.6	4903	4565.1	2844.5	4248.4	4259.2	3262.3	9719.9	13604	5646.5	7586.1	19123
4196.2	6196.1	6054.9	2738.5	4983.9	4901.1	4560.2	2846.9	4247.2	4228.5	3249.7	9634.4	13535	5606.2	7516.6	18820
4214.3	6259	6070.6	2733	4993.9	4924.1	4554.1	2838.8	4252.9	4207.5	3249.7	9663.8	13775	5641.2	7544.3	18875
4293.7	6435.6	6233.4	2800.1	5112.6	5016.7	4631.6	2893.5	4338.3	4439	3307.7	9881.7	14191	5739.7	7757.4	19844
4271.3	6421.5	6265.9	2804.9	5142.2	5045.8	4687.8	2918.6	4342.4	4414	3326.5	9857.5	14214	5762.2	7784	19716
4266.1	6430.3	6215.6	2771.4	5105	5010	4670.3	2922.7	4338.3	4322	3290.9	9798.8	14206	5763.8	7759.6	19402
4278.2	6494.2	6278.8	2792.1	5149.1	5032.9	4674	2931.9	4340.6	4433.6	3294	9763	14293	5743.6	7822.9	19674
4279.9	6458.6	6219	2779.3	5152.5	5002.6	4654.6	2919	4325.5	4305.8	3265	9751	14308	5719.5	7782.8	19535
4226.7	6439.1	6219	2772.9	5137.3	4981.9	4628.5	2899.6	4293.7	4400.4	3256	9640.3	14094	5701	7693.5	19344
4241.5	6471.1	6241.1	2781.7	5176.1	5024.8	4657.8	2913.6	4294.3	4334.8	3277.7	9745.1	14329	5735.8	7737.5	19381
4256.9	6512.1	6247.9	2772.5	5187.2	5022.1	4677.8	2945.6	4320.3	4316.8	3259.6	9702.1	14391	5735.8	7791.7	19406
4248.4	6513.9	6247.9	2774.5	5189.3	5025.5	4667.8	2948.1	4333.6	4415.2	3256.4	9691.8	14378	5701.7	7760.7	19431
4246.7	6568.8	6298.6	2789.7	5254.6	5087.2	4710.5	2950.6	4340.6	4430.6	3288.1	9801.8	14609	5760.7	7789.5	19526
4262.7	6567.9	6274.5	2766.6	5206.8	5030.9	4680.3	2951	4329	4358.7	3265.9	9743.6	14591	5769.3	7797.3	19510
4268.4	6587.9	6304.6	2784.9	5289.3	5084.5	4745.3	2997.2	4356.4	4296.6	3295.9	9863.5	14846	5787.3	7862.2	19531
4260.4	6580.6	6294.2	2769.8	5262.3	5036.3	4713.6	2971.1	4324.3	4326.7	3261.8	9734.7	14681	5750.6	7856.6	19385
4241	6633.5	6338.4	2792.5	5304.2	5083.1	4734.5	2977.4	4340	4455.1	3279.5	9761.5	14743	5762.2	7849.8	19476
4273.6	6714.6	6433.8	2806.9	5373.2	5171.2	4821.6	3006	4375.1	4357	3310.5	9856	15128	5870.2	7931.2	19720
4314.5	6807.3	6482.6	2816.2	5414.6	5173.3	4813.8	3040.1	4408.7	4464	3305.9	9907.5	15289	5896.6	8015.9	20153
4282.7	6750.9	6462.2	2809.7	5360.9	5121.5	4803.5	3041.3	4363.4	4421.7	3298.1	9909	15094	5854.3	8012.4	19793
4243.2	6739.7	6407.4	2793.7	5394.9	5158.7	4787.5	3006.5	4343	4341.8	3276.8	9810.8	15111	5817.1	7892.6	19481
4289.7	6860.4	6537.3	2828.3	5465.9	5230.6	4876.8	3063.2	4429.4	4503.7	3347.7	10013	15551	5923	8067.9	20004
4336.5	6953.5	6600.6	2868.9	5562.5	5281.5	4907.6	3102.5	4442.5	4491.6	3350.5	10157	15815	5955.3	8138	20456
4319.1	6941.9	6611.5	2840	5485.1	5222.9	4903	3095.1	4418.8	4492.2	3341.7	10001	15607	5944.8	8181.6	20109
4317.4	6943.8	6607.9	2853.4	5558	5248.9	4922.8	3103.8	4440.7	4584.1	3349.5	10060	15627	5921.4	8172.2	20197
4326.7	6938	6590.6	2839.2	5568.5	5245.4	4910.3	3091.2	4424.7	4474.2	3336.2	10095	15839	5942.4	8160.4	20105
4307	6973.8	6623.4	2840.4	5556.5	5268.7	4926.8	3104.6	4412.8	4485	3347.7	10078	15860	5986.1	8162.7	19857
4282.2	6976.8	6618.8	2837.2	5553.5	5258.8	4921.5	3120.7	4426.5	4534	3345.8	10032	15806	5939.1	8146.3	19780
4326.7	7054	6638	2839.6	5604	5273.7	4943.3	3137.3	4444.3	4462.2	3319.2	10038	15960	5939.1	8217.2	20171
4372.2	7175.4	6746.3	2871.3	5689.4	5350.8	5008.7	3184.9	4521.2	4609.3	3389	10287	16439	6036.8	8346.9	20670
4361.1	7202.6	6809.2	2873.4	5708.7	5389.1	5050.5	3176.9	4482.6	4532.2	3395.5	10306	16635	6099.6	8383.4	20460
4347.6	7135.3	6776.2	2874.2	5735.8	5369.6	5055.9	3194.6	4496.5	4530.9	3394.1	10287	16372	6024.5	8317.9	20411
4352.9	7207.6	6803.5	2870.9	5725.7	5409.5	5091.3	3221.8	4507.3	4461	3377.8	10256	16567	6059.9	8373.7	20433
4315.1	7113.4	6693.3	2831.1	5675.6	5322.8	4993.9	3168.5	4437.2	4424.1	3309.6	10027	16113	5962.6	8210.1	20017
4318.5	7170.4	6727.6	2850.1	5708.7	5331.4	5010.7	3190.7	4438.4	4381.6	3329.7	10177	16369	6018	8297.4	19991
4328.4	7217.8	6802.6	2855	5718	5376.1	5075	3223.2	4473	4465.8	3364.3	10204	16503	6057.4	8374.9	20078
4331.3	7274.7	6865.1	2869.7	5780.2	5397.1	5075.6	3224.1	4487.4	4576.1	3380.1	10255	16687	6046.7	8374.9	20100
4412.8	7402.8	6970.9	2919.8	5914.2	5485.8	5164.3	3283.1	4568.7	4682.2	3416.6	10488	17038	6106.3	8530.2	21014
4422.3	7415.3	6962.2	2900	5922.2	5496.9	5201.9	3313.2	4580.4	4552.9	3412.4	10491	17085	6143.9	8561.5	21000
4391.6	7437.3	6991.4	2905.4	5892.6	5510.3	5191.4	3300.4	4524.9	4506.7	3391.8	10391	17072	6148.9	8562.7	20771
4388.1	7467.8	7022.6	2906.2	5926.2	5507.3	5201.9	3316.4	4573.6	4688.4	3421.8	10471	17270	6134.7	8524	20697
4365.7	7424.7	7007	2895.5	5878.2	5460	5155.3	3283.6	4493.4	4589.6	3390.4	10400	16978	6111.3	8499.1	20326
4381.6	7479.5	6986.5	2897.2	5954.5	5526.6	5199.8	3326.1	4546.8	4480.2	3383.4	10429	17259	6117.1	8516.5	20546
4392.2	7530.4	7043.2	2894.3	5923	5499.1	5187.9	3322.4	4534	4584.1	3387.6	10393	17160	6139.7	8540.2	20642
4379.2	7550.7	7099.5	2915.7	5956.1	5538.6	5229.9	3345.4	4533.4	4677.1	3403	10414	17181	6129.6	8604.2	20456
4451.5	7666.2	7189.5	2949.3	6079.7	5607.8	5308.5	3391.3	4605	4625.4	3462.4	10744	17867	6234.3	8785.8	21132
4467	7750.7	7233	2955.6	6112.1	5645	5303.5	3396.4	4614.3	4691.6	3443.9	10735	18002	6247.1	8743.2	21300
4401	7648.8	7137.3	2904.2	6016.3	5589.6	5290.7	3386.6	4585.3	4601.3	3389	10419	17432	6180.9	8597.9	20619
4399.8	7678.2	7189.5	2915.7	6036.8	5626	5352.3	3425.5	4595.1	4551	3428.8	10575	17733	6221.5	8703.3	20606
4362.2	7629.3	7173.4	2912	6037.6	5589.6	5303.5	3382	4545.5	4597.6	3397.4	10430	17425	6137.2	8591.6	20286
4414.6	7726.5	7187.5	2905.4	6028.6	5594.9	5308.5	3410	4574.3	4605	3404.9	10539	17630	6196.9	8672.7	20642
4436.6	7776.2	7226.9	2927.7	6106.3	5658.7	5371.7	3457.6	4619.2	4574.3	3434.9	10674	17976	6257.3	8780.6	20854
4447.3	7805.1	7274.7	2937.3	6132.1	5626	5361.6	3464.3	4616.7	4750.4	3440.1	10728	17994	6224.1	8784.5	20813
4497.1	7995.2	7457.3	2975.7	6225.8	5777.1	5502.8	3520.7	4663.4	4649.7	3478.6	10860	18578	6367.1	9025.9	21445
4497.1	7998.6	7466.8	2994.6	6296	5795.9	5518.4	3534.2	4677.1	4690.9	3485.7	10954	18640	6341.8	8997.7	21528
4488.6	7982.5	7456.3	2981.6	6253.9	5743.6	5478.4	3524.6	4652.8	4798.4	3464.3	10872	18318	6290.8	8912.7	21295
4489.8	8064.5	7491.1	2977.8	6279.6	5799	5531.8	3576	4689.1	4732.6	3467.6	10895	18493	6334	8980.4	21353
4471.8	8062.1	7479.5	2979.9	6296.8	5817.9	5511	3562.4	4675.9	4746.6	3469	10922	18593	6316.7	8920.6	21228
4491	8067.9	7485.8	2972.8	6285.6	5795.1	5534.1	3597.5	4701	4741.5	3480.9	10966	18632	6315.8	9008.4	21338
4460.4	8040.1	7470	2956.9	6206.2	5752.1	5504.3	3555.5	4629.8	4684	3452.4	10791	18292	6308.9	8979	20799
4458.6	8080.7	7474.2	2960.6	6315	5834.5	5545.3	3601.9	4671.5	4607.5	3447.2	10879	18601	6314.1	8935.2	20939
4553.5	8254.2	7710	3025.1	6404.7	5889.4	5643.5	3660.8	4735.8	4869	3539.5	11247	19229	6454.2	9212.3	21676
4543.7	8282.9	7684.8	3025.6	6460.4	5937.5	5667.2	3686.8	4753.6	4723.7	3534.2	11269	19414	6440.9	9244.1	21651
4514.6	8274.5	7668.4	3001	6368.8	5900.6	5647.3	3643.4	4690.3	4665.3	3491.4	11001	18871	6413.5	9184.8	21372
4521.8	8257.8	7694.6	3001.4	6400.4	5901.4	5669.5	3679.8	4707.3	4625.4	3506.8	11145	19103	6450.6	9188.9	21338
4471.8	8243.4	7666.2	2999.3	6379.3	5871	5622.2	3652.8	4670.3	4798.4	3475.7	10980	18816	6364.5	9063.6	20892
4509.1	8322.7	7663	2986.6	6387.2	5892.6	5651.1	3697.3	4719.9	4800.3	3484.8	11077	18983	6376.7	9092	21061
4555.3	8453.3	7833	3039.2	6528.3	5999.2	5744.3	3746.4	4770.2	4932	3525.5	11302	19485	6462.2	9255.2	21846
4606.2	8590.4	7919.8	3058.9	6577.9	6050.8	5795.9	3796.5	4820.9	4987.2	3563.3	11514	19935	6532.8	9379.8	22135
4520.6	8447.2	7822.9	3022.6	6503.2	6011.4	5770	3743.8	4735.2	4709.2	3489.5	11121	19340	6480.8	9253.8	21314
4529.7	8447.2	7861.1	3030.7	6500.5	6009.8	5819.5	3801.6	4762.5	4714.9	3535.2	11344	19472	6488.9	9364.3	21338
4552.2	8521.5	7887	3033.2	6553.5	6038.5	5791.2	3786.2	4788.7	4891.2	3535.2	11315	19695	6472.8	9267.7	21396
4557.7	8597.9	7942.5	3043.9	6548.1	6067.3	5829	3801.6	4756.8	4736.4	3535.7	11348	19691	6537.3	9382.7	21421
4612.4	8750.9	8094.7	3082.1	6674.8	6159	5940.8	3881.7	4876.8	4997.9	3601.9	11597	20420	6598.8	9493.8	22048
4635.3	8807.9	8109.9	3095.5	6707.2	6179.2	5966.6	3911.7	4856.6	4792	3592.1	11696	20542	6627.1	9631.5	22233
4640.3	8780.6	8109.9	3080.4	6697	6151.4	5958.5	3912.8	4836.5	4885.3	3560.9	11560	20135	6567	9580.4	22186
4629.1	8840.4	8127.5	3087.7	6697	6202.8	5982.1	3931.3	4846.8	4828.7	3563.8	11548	20215	6585.2	9576.1	22109
4603.8	8823.5	8134.5	3066.6	6649	6185.1	5991	3937.7	4858.6	4914.9	3579.9	11496	20105	6584.2	9519.7	21785
4628.5	8875.8	8180.5	3101.6	6732.3	6200.3	5996.7	3956.4	4839.1	4825.5	3577.5	11677	20483	6611.5	9671.1	21967
4638.5	8971	8251.8	3097.7	6771.5	6277	6072.3	3976.2	4872.2	4851.4	3578.9	11652	20610	6654.6	9684.4	22171
4668.4	9042	8304.6	3099.9	6770.6	6261.6	6046.7	3985.3	4890.6	5017.4	3595.6	11708	20670	6650.9	9684.4	22285
4591.5	8856.1	8123.9	3073.1	6690.5	6185.1	5980.4	3966	4826.1	4931.4	3563.3	11643	20206	6553.5	9499.5	21528
4625.4	8903.5	8229.1	3092.5	6744.4	6206.2	6046.7	4003.6	4832.6	4875.5	3575.5	11687	20312	6591.5	9649.1	21795
4626	8981.7	8238.6	3093.8	6758.4	6292.5	6109.6	4057.9	4884	4866.4	3588.2	11764	20556	6615.2	9671.1	21891
4652.8	9036.6	8360.3	3105.1	6763.1	6288.2	6148.9	4060.7	4873.6	4850.1	3602.4	11808	20665	6688.7	9804.8	22048
4640.9	9064.9	8344.5	3107.2	6785.6	6328.8	6170.7	4092.5	4898.4	4833.9	3613.8	11867	20748	6705.3	9800.3	21861
4661.5	9139.6	8453.3	3138.6	6842.3	6346.2	6212.2	4119.6	4889.9	4861.2	3616.7	11959	20836	6723.9	9875.6	22150
4644.7	9097.4	8382.2	3094.7	6780	6315.8	6169.1	4096.4	4884	4918.8	3589.2	11698	20587	6649	9760	21745
4657.8	9198.5	8390.7	3118.5	6838.5	6336.6	6181.7	4110.2	4902.4	4903	3597	11888	20948	6671.1	9806.3	21820
4700.4	9240	8507.8	3132.9	6885.2	6376.7	6276.2	4172	4929.4	4941.3	3616.7	11971	20915	6703.5	9928.8	22378
4673.4	9287.2	8536.5	3129.9	6867	6435.6	6338.4	4209.7	4973.2	5014.1	3644.4	11945	21014	6727.6	9915.1	22028
4779.1	9576.1	8744.4	3196.9	7041.2	6548.1	6416.2	4290.8	5043.1	5201.9	3686.8	12333	21846	6820.5	10105	23048
4756.1	9573.2	8778	3191.5	7054	6603.3	6486.2	4290.8	5047.1	5047.8	3699.3	12306	22079	6868	10221	22862
4759.3	9584.8	8711	3177.4	7028.5	6551.7	6421.5	4280.5	5020.8	4987.9	3676.8	12315	21977	6866.1	10160	22797
4767.6	9619.8	8817	3190.7	7045.2	6582.4	6489.8	4303.5	5026.9	5031.6	3699.3	12352	22140	6893.8	10232	22738
4701	9456.5	8637.1	3156.6	6936.1	6480.8	6386.3	4265	4952.6	4931.4	3638	12079	21285	6765	10057	22022
4711.1	9459.4	8717.4	3158.8	6971.9	6515.7	6465.7	4308.1	4991.2	5045.8	3675.3	12204	21362	6770.6	10053	22068
4795.8	9728.8	8849.6	3188.9	7062.9	6642.6	6567.9	4380.4	5077.7	5082.5	3712.4	12479	22166	6920.7	10277	22868
4808.7	9813.8	8971	3210.7	7133.3	6694.2	6594.2	4391.6	5072.2	5022.8	3707.4	12467	22436	6967.1	10332	23048
4728.2	9555.8	8791	3178.7	6980.6	6552.6	6525.6	4372.8	4992.6	4993.3	3681.3	12304	21567	6841.3	10168	22125
4756.8	9684.4	8819.6	3177.8	7040.3	6617.9	6554.4	4393.4	5028.9	4984.6	3677.8	12358	21825	6864.2	10188	22473
4791.3	9809.3	8973.7	3193.8	7063.9	6655.5	6607.9	4427.1	5063.4	5201.9	3701.9	12400	22033	6886.1	10271	22706
4792	9854.5	8989.7	3211.1	7101.5	6679.4	6656.4	4458	5070.9	5264.5	3715.5	12458	22099	6898.6	10311	22615
4855.9	10097	9208.2	3239.3	7200.6	6816.7	6816.7	4546.8	5163.6	5363.8	3790.3	12827	23042	7064.9	10562	23147
4875.5	10131	9256.6	3264.1	7267.6	6853.7	6843.2	4573.6	5165.7	5180.3	3776.5	12864	23208	7075.7	10622	23488
4874.2	10174	9226.1	3269.1	7267.6	6851.8	6834.7	4575.5	5161.5	5139.4	3763.7	12880	23174	7072.8	10646	23381
4874.9	10213	9269.1	3278.6	7295.2	6878.5	6890.9	4633.5	5190.7	5323.5	3776	12928	23092	7039.3	10597	23477
4800.3	9934.9	9066.3	3205.3	7111.4	6750	6798.8	4575.5	5109.8	5165	3731.6	12600	22150	6955.4	10398	22452
4823.5	10078	9194.4	3230.3	7160.3	6803.5	6831.9	4589.6	5113.2	5293.6	3734.2	12604	22368	6970	10457	22610
4837.1	10114	9231.7	3247.4	7199.6	6852.7	6911.1	4638.5	5144.9	5146.3	3762.2	12814	22685	7038.3	10590	22857
4843.6	10217	9259.4	3260	7237	6891.9	6940.9	4686.6	5178.9	5315	3771.9	12908	22824	7009.9	10534	22846
4892.5	10335	9418.1	3287.2	7269.6	6959.3	7050.1	4734.5	5207.5	5240.5	3807.3	13015	23147	7130.3	10810	23302
4887.9	10369	9458	3293.1	7305.4	6976.8	7082.7	4772.1	5229.2	5303.5	3822.3	13152	23409	7155.3	10808	23158
4876.2	10258	9317.9	3259.1	7269.6	6933.2	7032.4	4760	5228.5	5292.1	3789.8	12928	23020	7035.4	10667	22917
4857.9	10314	9401.1	3270	7258.4	6970.9	7108.4	4781.7	5213.1	5198.4	3796	12977	22927	7108.4	10744	22781
4879.4	10390	9503.8	3284.5	7284.9	7007	7140.3	4796.5	5212.4	5365.2	3808.9	12970	22906	7098.5	10772	22944
4901.1	10465	9460.8	3278.1	7343.6	7049.1	7170.4	4854.6	5267.3	5336.4	3799.6	13028	23185	7071.8	10733	23009
4976.5	10742	9699.1	3345.4	7462.6	7193.5	7322.9	4944	5330	5280.1	3868.1	13471	24280	7253.3	11111	23943
4993.9	10824	9828.9	3349.1	7457.3	7189.5	7344.6	4930.7	5318.5	5426.3	3878	13446	24352	7293.1	11146	23861
4959.9	10747	9773.4	3350.9	7465.7	7219.8	7391.3	4970.5	5332.1	5335	3874.9	13380	24054	7260.4	11120	23693
4989.2	10844	9785.4	3357.9	7507	7234	7401.7	5000.6	5341.5	5305.7	3860.8	13441	24268	7271.6	11189	24013
4932	10627	9666.7	3318.3	7358.1	7099.5	7326	4965.9	5264.5	5327.8	3832.1	13235	23308	7153.3	10983	23147
4940	10669	9708	3317.3	7377.8	7154.3	7420.6	5006	5317.1	5371.7	3870.2	13317	23448	7167.4	11022	23119
5038.3	11006	10012	3394.1	7586.1	7336.3	7609.8	5123.5	5395.7	5386.2	3907	13712	24460	7344.6	11362	24497
5029.5	11031	10046	3399.7	7564.6	7370.5	7643.4	5158.7	5397.8	5400.7	3916.5	13739	24491	7369.5	11405	24208
5022.1	11049	9996.2	3369	7489	7300.3	7575.4	5107.8	5382.6	5560.3	3925	13688	24723	7356	11335	23797
5053.2	11179	10094	3382	7558.2	7375.7	7623.9	5128.4	5395.7	5594.9	3919.7	13647	24754	7390.3	11342	24089
4957.9	10867	9807.8	3346.8	7461.5	7270.6	7559.3	5111.2	5346.5	5362.4	3852.9	13348	23780	7209.7	11112	23274
4981.9	11040	10007	3370.4	7489	7333.2	7645.6	5157.4	5376.8	5539.3	3889.6	13502	24084	7312.6	11207	23308
5084.5	11412	10263	3419.4	7642.3	7520.8	7848.7	5265.2	5481.4	5555.8	3961.2	13903	25302	7482.6	11565	24394
5111.9	11384	10279	3430.2	7688.1	7509.1	7878	5312.8	5482.1	5471.8	3964.9	14034	25270	7456.3	11658	24613
5055.3	11285	10135	3397.4	7592.6	7462.6	7790.6	5251.7	5454.1	5471.8	3940.9	13873	25010	7433.1	11438	23878
5079.7	11340	10258	3425	7632.5	7491.1	7898.3	5317.8	5453.4	5541.6	3947.8	13898	24779	7443.6	11537	24113
5008	11206	10049	3363.9	7507	7441.5	7807.3	5280.1	5431.4	5445.3	3916.5	13688	24394	7387.1	11311	23364
5030.9	11305	10198	3382.5	7540	7482.6	7924.3	5320.7	5451.2	5453.4	3932.9	13715	24643	7421.6	11425	23420
5101.6	11464	10314	3435.9	7647.7	7527.2	7950.5	5374.6	5482.1	5635.9	3958.5	13994	25143	7452	11652	24160
5089.3	11522	10357	3421.3	7616.3	7581.8	8064.5	5414.6	5511.7	5537.8	3979.9	13977	25270	7502.8	11675	23937
5110.5	11671	10539	3466.2	7732	7694.6	8198.2	5470.3	5537.8	5524.4	3986.9	14074	25412	7571.1	11806	24340
5131.8	11737	10516	3449.1	7669.5	7689.2	8211.3	5517.7	5566.3	5671	4031.2	14252	25738	7590.4	11835	24143
5183.7	11859	10686	3498.6	7771.7	7759.6	8292.6	5575.3	5587.4	5626	4048.1	14498	26079	7670.6	12051	24791
5186.5	11876	10735	3510.6	7816.2	7790.6	8382.2	5622.9	5595.7	5625.2	4047	14462	25864	7655.3	12059	24891
5215.9	11949	10761	3505.8	7840.9	7821.8	8427.5	5668.7	5649.6	5757.6	4060.7	14561	26139	7663	12065	25041
5234.8	12027	10832	3521.2	7872.3	7824.1	8450.9	5677.9	5624.4	5701	4056.8	14604	26262	7678.2	12157	25130
5103.6	11645	10417	3442	7655.3	7684.8	8281.7	5607	5563.3	5667.9	3980.5	14084	24941	7459.4	11698	23751
5105.7	11764	10511	3439.2	7640.1	7721	8326.3	5607.8	5576.8	5733.5	4002.5	14100	25174	7531.5	11681	23630
5171.2	12041	10812	3496.7	7751.8	7852.1	8540.2	5707.9	5633.6	5750.6	4086.4	14535	26160	7722.1	12157	24388
5227.8	12153	10895	3531.8	7888.1	7974.5	8721.3	5825.8	5713.3	5729.6	4099.7	14692	26337	7719.9	12247	25048
5244.7	12292	10891	3536.2	7881.3	7989.4	8661.2	5817.9	5713.3	5670.2	4089.2	14802	26847	7775.1	12269	25111
5277.2	12339	10994	3551.7	7917.5	7989.4	8741.9	5854.3	5731.1	5755.2	4120.1	14903	26989	7809.6	12395	25181
5162.9	12083	10862	3509.2	7777.3	7947.1	8723.9	5815.6	5654.2	5642.7	4081.5	14446	25771	7702.3	12163	24143
5220.1	12235	10959	3521.2	7844.2	7980.2	8745.7	5862.3	5714.9	5812.4	4088.1	14644	26406	7747.4	12165	24497
5236.9	12346	10999	3541.5	7878	8070.3	8875.8	5945.6	5758.3	5821.1	4124	14821	26621	7787.3	12302	24767
5250.3	12446	11116	3552.1	7866.7	8093.5	8965.7	5982.1	5777.1	5934.3	4154.6	14909	26840	7818.5	12387	24773
5249.6	12346	10978	3543.9	7845.3	7989.4	8805.3	5911	5701.7	5838.5	4084.8	14689	26351	7746.3	12306	24539
5215.9	12379	11033	3527	7800.6	8066.8	8937.8	5955.3	5723.4	5901.4	4113.5	14644	26262	7778.4	12271	24202
5239.1	12358	11026	3530.4	7830.8	8034.3	8867.9	5927.1	5691	5760.7	4073.3	14535	26092	7748.5	12241	24388
5234.1	12431	11034	3524.1	7801.7	8064.5	8948.4	5965.8	5717.2	5784.9	4106.3	14762	26269	7819.6	12269	24208
5276.5	12658	11269	3579.4	7888.1	8156.8	9126	6053.3	5761.5	5889.4	4149.1	14950	26882	7891.5	12555	24767
5307.1	12757	11280	3598.5	7998.6	8267.3	9230.3	6159	5822.7	5814.8	4142.4	15033	27025	7884.7	12553	25105
5248.9	12456	11054	3534.7	7822.9	8078.4	9092	6080.5	5758.3	5939.1	4136.2	14835	26282	7801.7	12377	24078
5232.7	12559	11209	3564.3	7847.6	8192.3	9251	6132.1	5773.2	5817.9	4141.3	14802	26255	7825.2	12460	24280
5312.8	12836	11460	3613.8	7989.4	8365.1	9492.3	6266.8	5872.6	5952.9	4216	15175	27025	7959.7	12790	24997
5345.1	12986	11405	3602.4	8014.7	8399.3	9488	6312.4	5914.2	5966.6	4212	15380	27543	7986	12705	25105
5376.1	13091	11543	3623.1	8022.8	8372.4	9538.4	6321.9	5913.4	6086.3	4237.5	15502	27925	8044.7	12886	25315
5363.8	13069	11616	3632	8054	8463.2	9694.7	6375.8	5952.1	5951.3	4247.2	15418	27864	8041.3	12904	25334
5339.3	12930	11449	3620.2	7998.6	8378.5	9589.2	6370.6	5916.6	5980.4	4230.7	15383	27336	7969.9	12825	24941
5353	13143	11633	3631.5	7983.7	8415.2	9684.4	6354.9	5887	5952.9	4235.8	15337	27565	8077.2	12975	24916
5379.7	13239	11725	3638.5	8037.8	8501.6	9816.8	6422.4	5941.6	5999.2	4265.5	15464	27955	8108.7	13062	25187
5408	13280	11740	3651.4	8102.9	8547.7	9849.9	6467.5	5986.9	6033.5	4258.1	15502	28016	8107.6	12988	25431
5352.3	13103	11552	3629	8025.1	8481.7	9785.4	6453.3	5932.7	5981.3	4227.3	15354	27271	8020.5	12873	24835
5365.2	13267	11702	3638.9	8005.5	8525.2	9901.4	6482.6	5938.3	5983.7	4260.4	15467	27654	8131	13051	24853
5471	13666	12061	3707.9	8186.4	8699.5	10150	6602.4	6034.4	6175	4323.2	15854	28829	8270.9	13424	25891
5451.9	13512	11989	3692.3	8161.6	8684.2	10236	6687.7	6067.3	6182.5	4344.1	16018	28504	8236.3	13336	25692
5438	13595	11971	3692.3	8154.5	8730.3	10218	6648.1	6065.7	6093.8	4313.3	15773	28465	8214.8	13313	25633
5483.6	13739	12009	3719	8189.9	8720	10234	6696.1	6059.9	6080.5	4313.3	15978	28614	8260.2	13446	25798
5496.9	13822	12051	3710.4	8236.3	8848.3	10377	6780	6134.7	6266.8	4354	16165	29063	8301	13382	25951
5516.9	13819	12083	3710.9	8237.5	8835.2	10435	6790.3	6156.4	6239.4	4362.8	16181	29169	8319.1	13455	25931
5413.1	13375	11841	3666.8	8020.5	8608	10198	6681.3	5994.3	6145.5	4294.3	15678	27469	8168.6	13207	24717
5423.3	13568	11943	3673.3	8083.1	8713.6	10364	6732.3	6058.2	6212.2	4320.3	15698	27857	8205.3	13218	24922
5540.1	13952	12171	3731.6	8233.9	8854.8	10542	6875.6	6158.1	6321.9	4374.5	16297	29104	8349.3	13540	25991
5536.3	13997	12230	3741.8	8226.7	8850.9	10590	6875.6	6132.1	6329.7	4366.9	16159	28998	8354.2	13683	25884
5459.3	13724	12085	3718.5	8167.5	8849.6	10619	6878.5	6112.1	6141.4	4344.7	15851	27993	8238.6	13436	25073
5493.9	13866	12169	3716.5	8168.6	8833.9	10644	6856.5	6109.6	6158.1	4343	15914	28457	8309.4	13481	25270
5512.5	13900	12206	3725.6	8154.5	8850.9	10693	6927.4	6128.8	6268.5	4372.2	16147	28488	8377.3	13585	25450
5515.5	14012	12288	3732.2	8211.3	8943.1	10784	6944.8	6141.4	6319.3	4369.3	16030	28543	8368.8	13590	25633
5560.3	14155	12439	3768.3	8291.4	9017.8	10877	7006	6173.3	6215.6	4378.1	16150	28885	8412.8	13727	26119
5536.3	14216	12441	3777.5	8239.8	9035.3	10994	7043.2	6169.1	6302	4406.9	16200	28694	8427.5	13851	25738
5514	14130	12348	3747.4	8242.2	9020.5	10975	7028.5	6200.3	6378.4	4382.2	16057	28614	8409.1	13633	25431
5544.5	14206	12333	3768.8	8244.6	9007.1	11013	7121.4	6212.2	6297.7	4400.4	16328	28781	8405.4	13792	25594
5510.3	14130	12341	3747.4	8185.2	9008.4	11015	7059.9	6172.4	6223.2	4385.7	15999	28457	8371.2	13674	25022
5513.2	14196	12358	3748.4	8167.5	9036.6	11100	7090.6	6201.1	6299.4	4411.1	16122	28614	8407.9	13732	25022
5628.2	14394	12621	3806.8	8337.2	9161.5	11355	7268.6	6296.8	6355.8	4468.8	16667	29458	8564	14074	26173
5638.9	14684	12699	3817.6	8432.4	9355.9	11539	7386.1	6388.1	6457.7	4494	16851	30102	8600.4	14115	26379
5607	14540	12638	3799.6	8304.6	9210.9	11451	7294.2	6308.9	6443.6	4486.8	16615	29667	8579	14110	25745
5601.7	14519	12705	3808.3	8297.4	9233	11543	7331.2	6306.3	6451.5	4500.1	16622	29317	8599.2	14175	25574
5619.9	14646	12690	3801.6	8345.7	9299.8	11567	7347.7	6354.9	6518.4	4491	16638	29608	8627	14079	25924
5651.9	14849	12814	3847.2	8422.6	9399.6	11675	7430	6361	6389	4477.8	16661	29549	8616.8	14155	26160
5596.4	14575	12709	3818.2	8260.2	9233	11576	7330.1	6262.5	6339.2	4467.6	16366	28686	8557.7	14137	25386
5588.1	14572	12634	3795.5	8298.6	9305.4	11658	7405.9	6335.8	6464.8	4467.6	16474	28893	8546.4	13969	25366
5703.3	15036	13010	3855	8442.2	9462.3	11851	7473.1	6394.2	6516.6	4518.8	16769	30041	8748.3	14396	26503
5752.9	15223	13180	3891.7	8541.4	9577.5	12091	7598	6478.2	6502.3	4558.3	17042	30716	8818.3	14585	26896
5622.9	14735	12692	3825.4	8327.5	9374.2	11785	7498.5	6369.7	6491.5	4486.8	16628	29169	8580.3	14064	25457
5649.6	14827	12796	3846.7	8337.2	9357.3	11874	7537.9	6382.8	6574.3	4514.6	16785	29408	8654.9	14373	25633
5777.9	15467	13269	3920.7	8589.1	9716.9	12315	7737.5	6536.4	6590.6	4592.1	17349	31032	8870.6	14727	27119
5796.7	15432	13246	3925.5	8595.4	9659.4	12368	7775.1	6563.4	6718.3	4612.4	17446	31233	8895.5	14895	27111
5642	14830	12944	3850.9	8332.4	9448	12173	7655.3	6427.6	6589.7	4566.9	16904	29325	8729	14407	25347
5661	15069	13031	3863.9	8411.5	9550	12253	7636.9	6432.9	6475.5	4521.2	16641	29235	8713.6	14355	25594
5674.1	15027	13006	3870.7	8362.7	9512.5	12220	7675	6425	6480	4546.1	16802	29276	8739.3	14462	25470
5694.8	15036	12990	3867	8399.3	9551.4	12348	7754	6509.4	6651.8	4589.6	17015	29751	8781.9	14503	25692
5713.3	15094	13116	3890.6	8412.8	9537	12393	7755.1	6462.2	6511.2	4565.1	16954	29449	8794.9	14543	25771
5701.7	15223	13098	3890.1	8444.7	9681.4	12549	7849.8	6537.3	6598.8	4601.9	17109	29887	8793.6	14503	25765
5803.7	15761	13455	3958.5	8630.8	9896.9	12847	7995.2	6629.8	6667.4	4636.6	17422	30842	8940.5	14914	26861
5799.8	15713	13441	3962.2	8595.4	9880.2	12906	8029.7	6638	6677.6	4664	17615	30932	8969.7	14953	26727
5750.6	15484	13329	3926.6	8491.7	9765.9	12814	7930	6577.9	6600.6	4636.6	17208	30231	8911.4	14832	25877
5752.1	15502	13343	3921.8	8529	9843.9	12897	7999.8	6639.9	6730.4	4643.4	17201	30319	8914	14738	26065
5851.1	15950	13688	3974.5	8632	9964	13136	8074.9	6686.8	6895.7	4699.8	17594	31484	9074.4	15223	26918
5849.6	16030	13635	3981.5	8685.4	10077	13237	8179.3	6725.7	6746.3	4697.2	17751	31335	9069	15142	26946
5823.4	15642	13523	3959	8529	9825.8	13075	8105.2	6628	6800.7	4687.8	17626	30556	9055.5	15128	26517
5825	15794	13476	3960.1	8601.7	9930.3	13164	8167.5	6699.8	6848.9	4684.7	17559	30788	8988.4	15072	26448
5841.6	15953	13573	3970.3	8640.9	10067	13310	8243.4	6753.7	6902.4	4716.2	17791	31261	9051.4	15116	26600
5848.8	16091	13741	3992.8	8625.7	10078	13422	8203	6711.8	6924.5	4725.6	17601	30959	9131.4	15349	26684
5810.8	15863	13647	3974	8595.4	10005	13436	8214.8	6723	6788.4	4713.6	17524	30663	9063.6	15080	26160
5801.4	15782	13630	3986.9	8572.8	10001	13514	8310.6	6727.6	6890.9	4742.1	17740	30459	9082.5	15229	26146
5896.6	16312	13984	4019.8	8691.8	10199	13795	8360.3	6785.6	6843.2	4790	17929	31728	9230.3	15630	26840
5911.8	16429	14004	4049.7	8759.9	10291	13822	8423.8	6826.2	6906.3	4771.5	17943	31484	9198.5	15513	27075
5913.4	16284	13927	4014.4	8694.4	10174	13703	8365.1	6799.7	7007	4767	17874	31484	9244.1	15502	27018
5901.4	16350	13890	4039.9	8726.4	10304	13925	8521.5	6861.3	6922.6	4789.4	18079	31437	9198.5	15461	26776
5835.3	16104	13834	4007.9	8640.9	10172	13844	8372.4	6776.2	6921.6	4737.7	17474	30345	9117.8	15294	26045
5864.6	16137	13751	4012.8	8640.9	10171	13790	8466.9	6812.9	6986.5	4765.1	17834	30761	9142.3	15397	26454
6028.6	16762	14260	4098	8899.5	10432	14339	8681.6	6981.6	7044.2	4876.8	18605	32540	9398.2	16039	27872
6006.5	16888	14342	4087	8822.2	10455	14389	8670.1	6940	7111.4	4880.1	18493	32769	9458	16119	27602
5963.4	16707	14262	4084.2	8823.5	10496	14469	8703.3	6976.8	7074.7	4865.1	18258	32014	9368.5	15839	27242
5995.9	16825	14198	4079.3	8836.5	10506	14376	8686.7	6983.6	7034.4	4860.5	18383	32255	9403.9	15812	27126
5948	16641	14244	4092.5	8796.2	10481	14446	8729	6930.3	6986.5	4851.4	18176	31353	9340.4	15848	26918
5981.3	16658	14186	4088.1	8818.3	10452	14525	8750.9	6964.1	7043.2	4866.4	18277	31390	9370	15911	26968
5956.9	16532	14074	4080.9	8811.8	10424	14464	8732.9	6950.6	7019.7	4831.9	18083	31105	9285.8	15722	26713
5993.5	16661	14170	4082.6	8802.7	10416	14467	8745.7	6951.5	6968	4857.3	18224	31418	9350.2	15884	26797
5991	17001	14399	4100.8	8837.8	10647	14797	8845.7	7049.1	7101.5	4909.6	18330	32158	9485.2	15966	27025
6026.2	17109	14417	4114	8924.6	10706	14843	8920.6	7080.7	7213.7	4907.6	18590	32461	9531.2	16110	27520
5968.3	16693	14231	4086.4	8729	10457	14569	8793.6	6936.1	7023.6	4863.8	18179	30987	9405.3	15902	26385
5984.5	16845	14337	4106.8	8835.2	10584	14824	8899.5	7004	7068.8	4880.7	18284	31160	9422.3	15963	26804
6119.6	17605	14681	4169.8	9017.8	10860	15139	9075.7	7159.3	7142.3	4966.5	19027	33441	9646.1	16439	27910
6136.3	17538	14835	4182.1	9015.1	10815	15314	9101.5	7138.3	7251.2	4987.9	18999	33020	9699.1	16720	28047
6026.2	17160	14363	4117.4	8874.5	10723	14975	9015.1	7095.5	7182.4	4922.8	18559	31985	9524	16042	26818
6031.9	17119	14530	4141.3	8890.3	10755	15156	9052.8	7086.6	7126.3	4935.3	18409	31643	9522.5	16215	26804
6090.5	17401	14695	4147.9	8919.3	10779	15153	9056.8	7113.4	7229.9	4959.2	18683	32540	9641.7	16385	27380
6074.8	17287	14612	4151.3	8973.7	10831	15418	9166.9	7183.4	7299.3	4995.3	18816	32120	9631.5	16385	27227
6093.8	17495	14678	4154.1	8924.6	10832	15263	9108.3	7128.3	7248.2	4960.6	18659	32304	9649.1	16398	27380
6090.5	17405	14668	4162.5	8963.1	10851	15435	9212.3	7194.5	7228.9	5011.4	18832	32481	9646.1	16509	27155
6014.7	17215	14567	4128.5	8831.3	10778	15351	9101.5	7125.4	7203.6	4966.5	18360	31577	9576.1	16218	26344
6041.8	17273	14503	4146.3	8900.8	10851	15400	9208.2	7176.4	7265.5	4974.5	18590	31785	9609.6	16262	26677
6166.5	17802	14969	4206.3	9064.9	10992	15731	9319.3	7235	7297.2	5018.1	19031	32729	9774.9	16775	27736
6124.6	17870	15049	4208	9077.1	11132	15990	9368.5	7291.1	7353.9	5039.7	18899	32839	9816.8	16684	27483
6118.8	17816	14953	4191.7	9007.1	11118	15963	9386.9	7290.1	7524	5064.1	18947	32899	9828.9	16785	27402
6163.2	17812	15013	4213.1	9074.4	11095	16076	9452.3	7298.3	7304.4	5079	19119	32570	9810.8	16838	27557
6139.7	17892	15049	4226.2	9048.7	11152	16150	9498.1	7321.9	7395.5	5091.3	19200	32949	9863.5	16911	27476
6202.8	18120	15069	4245.5	9141	11222	16165	9576.1	7371.5	7419.5	5068.8	19205	33142	9828.9	16894	27842
6172.4	18068	15030	4213.7	9075.7	11229	16178	9532.6	7376.7	7602.3	5102.3	19217	33317	9941	16894	27609
6205.4	18168	15156	4248.4	9124.6	11245	16309	9592.1	7377.8	7594.7	5114.6	19294	33224	9936.5	17119	27955
6158.1	17994	15044	4228.5	9052.8	11207	16168	9506.7	7332.2	7477.4	5072.9	19011	32490	9878.7	16835	27351
6128	17896	15069	4227.3	9023.2	11229	16372	9600.8	7348.7	7497.5	5116	19007	32353	9875.6	16954	26968
6244.5	18490	15349	4281.6	9220.6	11468	16687	9825.8	7483.7	7564.6	5150.4	19653	33754	9982.4	17204	28146
6287.4	18597	15351	4284.5	9210.9	11406	16615	9773.4	7487.9	7513.4	5160.1	19720	34073	10044	17301	28162
6211.3	18281	15257	4254.7	9106.9	11338	16551	9672.6	7403.8	7642.3	5140.1	19188	32990	9988.5	17252	27617
6242	18281	15349	4273.6	9115.1	11285	16593	9757	7395.5	7512.3	5144.9	19506	32939	10035	17318	27864
6313.2	18733	15470	4298.3	9258	11522	16805	9868.1	7526.2	7618.5	5183.7	19776	34180	10097	17408	28309
6295.1	18824	15542	4319.7	9246.9	11548	16878	9906	7508.1	7649.9	5187.9	19776	33988	10133	17541	28410
6276.2	18726	15467	4310.4	9233	11528	16961	9951.7	7537.9	7670.6	5199.1	19729	33754	10084	17510	28100
6265.9	18718	15528	4299.5	9223.4	11601	17153	9987	7574.3	7708.9	5240.5	19742	33934	10171	17591	27774
6273.6	18702	15502	4298.3	9227.5	11588	17109	9968.6	7564.6	7687	5222.2	19640	33649	10141	17418	27639
6293.4	18784	15487	4305.8	9263.5	11612	17109	10033	7596.9	7657.5	5236.2	19789	33828	10142	17499	27796
6277	18899	15566	4298.3	9186.2	11597	17123	9941	7550.7	7794	5239.1	19661	34084	10236	17687	27781
6286.5	18730	15504	4300.6	9237.2	11590	17208	10058	7609.8	7799.5	5260.9	19806	33754	10201	17633	27857
6259.9	18586	15363	4304.7	9175.2	11460	16914	9957.9	7496.4	7615.2	5182.4	19389	32659	10052	17398	27402
6254.8	18617	15478	4296	9124.6	11548	17153	10016	7533.6	7688.1	5230.6	19522	32949	10198	17534	27133
6335.8	19087	15803	4355.2	9262.2	11729	17510	10142	7617.4	7694.6	5277.9	19935	33775	10293	17892	28070
6341	19156	15830	4348.2	9316.5	11773	17637	10157	7665.1	7849.8	5292.8	19866	34148	10324	17859	28054
6283.9	18967	15645	4327.2	9235.8	11768	17548	10183	7639	7876.8	5285	19733	33348	10282	17722	27380
6357.5	19127	15884	4367.5	9310.9	11740	17690	10267	7653.2	7743	5300	20083	33670	10330	17947	28054
6361	19402	16008	4369.3	9361.5	11945	18002	10340	7726.5	7802.9	5347.9	20061	34159	10396	18094	28016
6394.2	19468	16033	4393.4	9415.2	11957	18116	10442	7787.3	7817.4	5358.8	20411	34484	10455	18168	28347
6290.8	18788	15499	4329	9230.3	11670	17492	10253	7666.2	7851	5303.5	19801	33306	10245	17733	27256
6298.6	18931	15713	4338.3	9205.4	11729	17708	10279	7646.6	7661.9	5312.8	19793	32949	10299	17852	27039
6465.7	19991	16159	4427.1	9503.8	12121	18221	10524	7858.8	7925.5	5380.4	20610	35483	10552	18451	28869
6428.5	19485	15960	4391.6	9439.4	11977	18087	10499	7833	7861.1	5381.9	20339	34583	10424	18198	28185
6335.8	19221	15749	4366.3	9291.4	11855	17730	10354	7697.9	7965.4	5299.3	19857	33255	10330	17852	27729
6389	19501	15935	4365.2	9344.6	11983	18050	10421	7779.5	7966.5	5376.8	20197	34105	10475	18112	27895
6410.9	19784	16045	4409.3	9445.1	12161	18213	10552	7830.8	8054	5366.7	20215	34278	10471	18142	28208
6423.2	19678	16125	4407.5	9382.7	12045	18269	10512	7785.1	7871.2	5382.6	20149	33881	10496	18383	28123
6471.1	20197	16487	4436.6	9485.2	12249	18733	10630	7894.9	7969.9	5461.5	20528	35346	10672	18741	28583
6471.9	20188	16360	4443.1	9574.6	12373	18753	10750	7942.5	8040.1	5432.8	20556	34961	10637	18474	28709
6476.4	19995	16464	4449.7	9495.2	12206	18769	10747	7884.7	8091.2	5468.8	20725	34905	10689	18851	28701
6463.9	20144	16442	4436	9483.7	12294	18871	10738	7931.2	8004.4	5483.6	20560	34983	10689	18679	28285
6518.4	20210	16468	4463.4	9592.1	12352	19023	10870	8027.4	8173.4	5526.6	20976	35541	10747	18939	28901
6546.3	20465	16519	4493.4	9655	12400	18995	10910	8035.5	8223.2	5497.6	20953	35902	10750	19031	29177
6420.6	19810	16104	4414	9469.4	12212	18505	10677	7897.1	7961.9	5397.1	20100	33712	10519	18191	27857
6444.4	19823	16070	4417	9438	12167	18578	10727	7923.2	7938	5448.2	20366	33988	10572	18440	27789
6510.3	20429	16490	4484.4	9602.3	12437	19127	10980	8036.6	8063.3	5505.8	20836	34994	10710	18832	28598
6557.1	20335	16583	4477.8	9602.3	12393	19172	10978	8036.6	8025.1	5528.1	20948	35198	10800	18927	28709
6497.8	20144	16439	4457.4	9503.8	12288	18939	10872	7949.4	8078.4	5483.6	20661	34463	10744	18808	28270
6499.6	20366	16544	4477.8	9608.1	12460	19245	10917	8045.9	8200.6	5498.4	20556	34816	10745	18836	28347
6441.8	19780	16215	4431.8	9422.3	12239	18871	10881	7948.2	8191.1	5493.2	20451	33670	10684	18613	27595
6476.4	20179	16407	4460.4	9535.5	12402	19019	10889	7979.1	8041.3	5472.5	20317	33796	10684	18574	27940
6532.8	20312	16564	4479.6	9563	12425	19245	11038	8039	8259	5543.1	20878	34760	10836	18967	28379
6506.7	20533	16723	4488.6	9603.7	12611	19623	11066	8090	8242.2	5567.8	20606	34605	10810	18983	28200
6602.4	20822	16868	4537	9715.4	12645	19789	11229	8176.9	8362.7	5619.9	21353	35668	10969	19489	29128
6574.3	20906	16951	4527.9	9760	12753	20013	11242	8191.1	8431.2	5605.5	21070	35541	10975	19286	29104
6487.1	20272	16528	4469.4	9586.3	12507	19393	11049	8086.6	8345.7	5526.6	20415	33988	10744	18675	27864
6550.8	20651	16703	4489.8	9615.4	12589	19443	11061	8081.9	8226.7	5552	20551	34408	10851	18999	28285
6649	21256	17116	4556.5	9801.8	12844	19943	11296	8211.3	8305.8	5622.2	21208	35831	11056	19447	29491
6634.4	21304	17198	4568.7	9777.9	12897	20295	11362	8231.5	8447.2	5685.6	21367	35925	11141	19797	29243
6537.3	20596	16687	4501.9	9599.4	12638	19737	11267	8154.5	8308.2	5615.3	20995	34561	10969	19156	27955
6546.3	20799	16881	4512.2	9687.3	12744	19982	11249	8187.5	8219.6	5607	20647	34484	10901	19035	28146
6652.7	21204	17031	4571.8	9821.3	12871	20241	11522	8319.1	8415.2	5712.6	21711	36221	11114	19772	29300
6661.9	21425	17099	4548.6	9803.3	12970	20281	11457	8309.4	8399.3	5699.4	21557	36281	11191	19610	29251
6578.8	21104	17045	4541.3	9743.6	12908	20321	11408	8245.8	8439.8	5674.1	21014	35198	11064	19598	28559
6612.4	20906	16828	4541.9	9742.1	12729	20065	11427	8236.3	8487.9	5668.7	21271	34994	11020	19526	28733
6659.2	21503	17146	4574.9	9845.4	13075	20556	11626	8357.8	8502.8	5720.3	21577	35972	11114	19674	28966
6692.4	21553	17297	4597.6	9859	13060	20665	11650	8373.7	8404.2	5745.1	21701	36233	11253	19926	28926
6600.6	21118	16854	4538.2	9734.7	12904	20210	11514	8289	8462	5687.9	21228	35051	11034	19364	28270
6605.2	21271	17136	4549.8	9773.4	12986	20596	11546	8351.8	8521.5	5728	21204	35483	11148	19510	28262
6687.7	21721	17246	4605.6	9892.3	13189	20743	11762	8423.8	8504.1	5753.7	21780	36091	11198	19780	28998
6722	22125	17683	4648.4	10033	13338	21295	11841	8480.5	8590.4	5789.6	21820	36558	11366	20184	29633
6651.8	21666	17249	4581	9839.4	13100	20647	11597	8354.2	8433.6	5723.4	21218	35506	11222	19712	28559
6591.5	21304	17099	4553.5	9795.8	13026	20537	11556	8323.9	8455.8	5697.1	20910	34671	11148	19485	28185
6758.4	22063	17722	4663.4	10038	13371	21562	12031	8532.7	8731.6	5852.7	22243	36717	11447	20519	29921
6798.8	22253	17740	4658.4	10027	13387	21416	12005	8543.9	8590.4	5851.1	22186	37099	11505	20560	29642
6630.7	21324	16998	4585.9	9786.9	12957	20406	11652	8354.2	8648.5	5724.2	21276	34827	11173	19763	28208
6646.3	21455	17181	4594.5	9773.4	13040	20661	11698	8339.6	8505.3	5749.8	21261	34638	11220	19861	28433
6606.1	21353	17174	4577.3	9780.9	13121	20854	11702	8377.3	8535.2	5762.2	21000	34506	11168	19686	28024
6663.8	21430	17102	4598.2	9842.4	13046	20808	11789	8428.7	8534	5793.5	21435	34882	11220	19905	28216
6724.8	21977	17527	4624.8	10004	13396	21343	11967	8580.3	8828.7	5829	21721	36257	11419	20070	29136
6745.3	22171	17587	4652.1	10061	13467	21445	12067	8572.8	8856.1	5836.9	21931	36114	11453	20219	29524
6812.9	22792	17943	4682.8	10103	13645	21977	12210	8668.9	8698.2	5932.7	22441	37808	11626	20827	29734
6796.9	22701	18024	4699.8	10128	13710	22145	12216	8657.4	8796.2	5938.3	22166	37049	11592	20901	29667
6707.2	21841	17307	4632.2	9990.1	13329	21324	12019	8557.7	8818.3	5832.9	21676	35368	11337	20096	28797
6706.2	22099	17488	4623.6	9918.2	13366	21314	11959	8526.5	8637.1	5855.9	21636	35820	11418	20241	28449
6788.4	22373	17827	4688.4	10105	13621	21876	12259	8633.3	8708.5	5899.8	22084	36269	11520	20587	29391
6818.6	22781	17816	4668.4	10120	13695	21825	12237	8705.9	8739.3	5930.3	22363	37137	11656	20592	29558
6739.7	22285	17633	4636	10019	13547	21587	12121	8637.1	8689.3	5879	21750	35867	11514	20175	28813
6738.8	22171	17467	4650.9	10038	13436	21499	12210	8618.1	8647.3	5874.2	21841	35403	11384	20201	28789
6834.7	22679	17870	4715.5	10204	13669	22012	12391	8726.4	8916.7	5950.4	22389	36802	11605	20868	29896
6814.8	22824	17907	4699.1	10194	13800	22207	12492	8769	9020.5	5965	22536	36950	11631	20771	29802
6762.1	22436	17608	4669.6	10072	13618	21755	12337	8688	8933.9	5928.7	22253	36102	11529	20388	29104
6772.5	22488	17791	4669	10083	13602	21825	12210	8660	8744.4	5915.8	21750	35855	11548	20474	28749
6818.6	22868	17751	4684	10117	13642	21760	12323	8702.1	8783.2	5927.1	22191	36353	11618	20674	29088
6871.8	23202	18057	4718.1	10212	13783	22171	12452	8772.8	8831.3	5980.4	22446	37000	11721	20985	29524
6828.1	22927	18042	4703.5	10196	13822	22197	12391	8753.5	8969.7	5977.2	22191	36353	11715	20850	29474
6797.8	22589	17823	4704.2	10171	13729	22264	12456	8750.9	8989.7	5985.3	22145	35575	11614	20803	29047
6902.4	23125	18232	4744	10319	13873	22557	12615	8833.9	9040.7	6022.9	22642	36987	11764	21175	29785
6877.5	23330	18236	4744.7	10320	14100	22841	12753	8910.1	9119.1	6063.2	22760	37324	11808	21184	29751
6908.2	23448	18436	4766.3	10320	14092	23059	12816	8937.8	9121.9	6112.1	23147	37860	12021	21567	30024
6890.9	23420	18330	4758.7	10340	14094	22792	12703	8889	9009.8	6051.6	22717	37174	11906	21290	30171
6783.7	22600	17892	4690.9	10171	13763	22197	12446	8771.5	9025.9	5975.6	21820	35311	11639	20515	28654
6782.8	22384	17769	4686.6	10105	13652	22155	12534	8765.1	8858.8	6004.1	22166	35266	11645	20615	28355
6958.3	23983	18621	4775.9	10419	14249	23230	12827	8997.7	9009.8	6125.5	23053	38489	12067	21631	30214
6945.7	23966	18621	4775.3	10426	14285	23409	12884	9035.3	9042	6138.8	23031	38396	12063	21553	29981
6843.2	22938	18116	4731.3	10229	13922	22510	12675	8814.4	8975	6037.6	22352	35820	11783	21018	29014
6857.5	23015	18031	4743.4	10277	13947	22594	12812	8911.4	9048.7	6088	22600	36293	11769	21028	29031
6977.7	23682	18493	4790.7	10432	14137	23158	12939	8992.4	9042	6148.1	23152	37565	12015	21780	30336
6926.4	23477	18379	4795.8	10439	14211	23386	13013	9033.9	9172.4	6151.4	23037	36852	11957	21553	29964
6917.8	23533	18528	4799	10409	14234	23482	13071	9012.5	9281.6	6172.4	23119	37025	12041	21666	29938
6986.5	23948	18687	4794.5	10463	14303	23375	12979	9042	9305.4	6169.9	23053	37886	12101	21721	30136
6953.5	23849	18490	4790	10406	14188	23059	12926	8993.7	9082.5	6133.8	22851	37249	11999	21676	29709
7009.9	24208	18675	4834.5	10557	14488	23477	13132	9116.4	9301.2	6171.6	23185	38002	12091	21750	30354
6908.2	23364	18405	4783.6	10385	14079	23070	12941	8933.9	9210.9	6123	22728	36102	11928	21474	29616
6908.2	23342	18398	4774.6	10291	14049	23004	12928	8920.6	9126	6145.5	22706	36269	12013	21562	29145
7017.7	24448	18749	4827.4	10529	14415	23528	13143	9113.7	9238.6	6202	23247	38028	12169	21951	30127
6978.7	23843	18655	4831.3	10539	14417	23855	13276	9157.4	9428	6246.2	23381	37262	12115	21921	30110
6910.1	23693	18505	4802.9	10340	14249	23247	12939	8969.7	9168.3	6171.6	22515	35972	12017	21597	28990
6915.9	23533	18352	4792.6	10424	14260	23426	13084	9052.8	9182	6178.3	22674	36079	11961	21533	29153
6997.2	24527	18899	4814.5	10498	14551	23890	13221	9142.3	9341.8	6269.3	23263	38316	12302	22217	29921
7015.8	24472	18765	4831.3	10554	14599	23786	13285	9188.9	9273.3	6258.2	23386	37989	12233	21896	30007
6947.7	23728	18459	4788.1	10432	14293	23409	13134	9086.6	9166.9	6214.7	22944	36449	12091	21592	29210
6947.7	23878	18582	4793.2	10458	14409	23665	13214	9142.3	9385.5	6254.8	22960	37062	12153	21825	29226
7014.8	24558	18907	4829.3	10569	14617	23954	13306	9217.8	9291.4	6277	23213	38067	12304	21992	29802
7053	24760	19119	4850.7	10625	14727	24166	13366	9256.6	9505.3	6310.6	23415	38449	12421	22321	30389
6988.4	24364	18737	4843	10549	14593	23722	13329	9171.1	9350.2	6240.2	23081	37025	12188	21891	29734
6984.5	23943	18574	4826.1	10534	14402	23676	13348	9197.2	9362.9	6280.5	23224	36926	12153	21911	29508
7103.5	25181	19184	4905	10742	14816	24412	13654	9344.6	9426.6	6352.3	24007	38905	12452	22690	30627
7089.6	25213	19221	4896.5	10769	14942	24607	13678	9378.4	9541.3	6347.9	23734	38595	12414	22499	30716
6978.7	24238	18804	4835.8	10565	14630	24025	13361	9231.7	9361.5	6286.5	22873	36827	12188	21946	29309
6991.4	24442	18745	4832.6	10600	14668	23768	13317	9220.6	9406.7	6259	22955	36753	12280	21795	29600
7044.2	24897	19192	4877.5	10701	14824	24545	13611	9360.1	9643.2	6378.4	23699	38489	12481	22467	30188
7052.1	24966	19140	4877.5	10740	14944	24497	13602	9360.1	9489.5	6340.1	23443	37693	12425	22207	30102
6925.5	24089	18636	4804.2	10470	14511	23659	13202	9156	9446.6	6267.6	22531	36043	12204	21696	28757
6941.9	24274	18737	4820.9	10552	14617	23902	13306	9212.3	9290	6259.9	22584	36102	12216	21691	28950
7137.3	25296	19476	4924.1	10814	15027	25010	13861	9460.8	9660.8	6458.6	24202	39054	12666	23136	30690
7135.3	25607	19311	4918.2	10839	15041	24760	13849	9486.6	9712.5	6432.1	24155	39329	12626	22987	30797
7129.3	25561	19547	4921.5	10893	15203	25130	13888	9548.5	9615.4	6452.4	23948	39109	12621	22728	30707
7042.2	24754	19095	4874.9	10646	14830	24424	13638	9336.2	9436.6	6400.4	23437	37224	12511	22452	29342
7130.3	25548	19493	4923.5	10869	15178	25219	13935	9541.3	9666.7	6488	24125	39054	12688	22938	30512
7127.3	25732	19644	4920.8	10829	15153	25353	13905	9490.9	9669.7	6519.3	24078	39301	12716	23342	30477
7064.9	25004	19229	4875.5	10713	14900	24570	13645	9391.1	9675.5	6418.8	23392	37654	12519	22578	29684
7059	24935	19176	4894.5	10728	14961	24760	13871	9440.8	9613.9	6456	23832	37705	12611	22695	29608
7185.4	25984	19789	4951.9	10987	15351	25431	13987	9587.7	9880.2	6509.4	24166	39343	12827	23230	31279
7181.4	25738	19840	4969.9	10921	15215	25535	14115	9552.9	9668.2	6540.9	24418	38850	12798	23448	30699
7115.4	25366	19299	4933.4	10886	15130	24841	13974	9522.5	9846.9	6439.1	23768	37950	12526	22637	30354
7101.5	25424	19331	4927.4	10869	15125	25041	13999	9544.2	9699.1	6486.2	23751	37821	12545	22771	29938
7199.6	26011	19691	4979.2	11080	15429	25653	14301	9715.4	9925.8	6555.3	24515	39495	12774	23353	31169
7182.4	26112	19589	4956.6	10990	15438	25373	14193	9660.8	9866.6	6550.8	24448	39412	12818	23185	30770
7048.1	24705	18903	4889.3	10740	14800	24202	13756	9403.9	9576.1	6408.3	23235	36546	12381	22415	29516
7049.1	24978	18999	4886.6	10730	14865	24376	13770	9443.7	9535.5	6448	23370	36876	12486	22415	29185
7214.7	25978	19892	5002.6	11082	15446	26092	14430	9721.3	9849.9	6613.4	24705	38905	12871	23511	31132
7227.9	26160	20017	4994.6	11089	15409	25931	14306	9666.7	9791.3	6606.1	24472	38986	12853	23659	31059
7100.5	25251	19389	4933.4	10853	15128	24966	14022	9515.3	9725.8	6505.8	23757	37262	12664	22895	29726
7082.7	25244	19119	4917.5	10814	15011	24582	13960	9519.7	9595	6488	23688	37186	12581	22695	29424
7209.7	26221	20078	5020.1	11112	15580	26119	14459	9705.1	9836.4	6628.9	24594	38918	12933	23762	30968
7237	26146	19874	5010.7	11189	15563	26235	14511	9815.3	9739.1	6646.3	24668	38770	12849	23562	31096
7075.7	25060	18991	4901.1	10829	15061	24594	14004	9564.5	9680	6496	23573	36852	12509	22363	29284
7113.4	25437	19323	4938.7	10886	15116	24822	14027	9570.3	9682.9	6526.5	23596	37174	12628	22966	29474
7256.3	26670	20052	5036.3	11240	15728	26269	14649	9869.6	9965.5	6672	24866	39663	12966	23786	31400
7114.4	25672	19636	4965.2	10961	15415	25692	14326	9680	9724.3	6631.6	23937	37603	12801	23280	29574
7239	25998	19857	4991.9	11086	15418	25725	14430	9761.5	10032	6659.2	24558	38932	12959	23619	30618
7223.8	26241	19948	5010.7	11198	15663	26351	14569	9854.5	10036	6703.5	24600	38716	12948	23647	30752
7150.3	25951	19531	4974.5	11049	15461	25276	14290	9715.4	9789.8	6576.1	23896	37770	12744	22971	30033
7092.6	25283	19431	4949.9	10905	15220	25328	14332	9669.7	9711	6623.4	24066	37037	12783	23031	29458
7227.9	26262	20087	5021.5	11177	15630	26351	14588	9801.8	10055	6699.8	24454	38198	12941	23745	30609
7237	26351	19913	5008.7	11175	15645	26085	14630	9892.3	10163	6759.3	24748	39467	13017	23943	30654
7178.4	25626	19589	4969.2	11012	15331	25424	14360	9742.1	9800.3	6651.8	24113	37641	12816	23147	29726
7170.4	26031	19801	4997.3	11013	15475	25712	14420	9734.7	9840.9	6685.9	24107	37718	12950	23562	29633
7164.3	26221	19840	4986.6	11068	15636	25844	14402	9755.5	10005	6676.7	23861	37795	12946	23494	29853
7188.5	26441	19909	4983.2	11116	15683	25964	14488	9866.6	9951.7	6721.1	24238	38796	13055	23460	29973
7281.9	26833	20237	5062.7	11348	15932	26939	14900	10024	10133	6808.2	25029	39274	13136	24238	31068
7213.7	26635	20157	5040.4	11204	15842	26385	14673	9886.2	10147	6758.4	24436	38649	13078	24001	30645
7095.5	25653	19594	4957.2	10973	15475	25587	14334	9724.3	10120	6679.4	23528	36901	12814	23230	29218
7255.3	26628	19930	5019.4	11235	15767	25831	14622	9902.9	9987	6715.5	24430	38689	13015	23579	30512
7201.6	26310	19827	4987.9	11123	15695	25877	14527	9896.9	10217	6755.6	24364	38277	13033	23499	29896
7169.4	25818	19712	4989.9	11098	15569	25831	14556	9824.3	10070	6716.5	24054	36987	12937	23286	29675
7207.6	26296	20065	5035.6	11177	15728	26153	14719	9860.5	10108	6764	24521	37821	13051	23855	30145
7290.1	26833	20149	5062	11353	15875	26351	14862	10005	10066	6794.1	24748	38918	13082	24113	30932
7146.3	25653	19547	4971.2	11098	15513	25692	14525	9843.9	9977.8	6728.5	23943	36692	12829	23147	29317
7209.7	26482	20210	5043.7	11249	15923	26524	14849	9938	9994.7	6815.8	24352	37873	13091	23972	30067
7234	26420	20087	5037.7	11284	15704	26126	14773	9892.3	10124	6775.3	24497	37744	13031	23878	30380
7217.8	26092	19763	5005.3	11177	15551	25692	14646	9877.2	9912.1	6771.5	24310	37514	12959	23636	29930
7339.4	27097	20469	5081.8	11473	16002	26783	15022	10066	10416	6865.1	25067	39109	13228	24430	31197
7294.2	27162	20255	5041.7	11333	16067	26531	14870	10084	10380	6874.7	24972	39287	13338	24119	30618
7259.4	26904	19952	5022.8	11271	15923	25884	14759	9988.5	10239	6811	24545	38449	13180	23705	30258
7251.2	26939	20157	5051.9	11315	15990	26201	14859	9996.2	10089	6822.4	24424	38290	13121	23843	30336
7328.1	27498	20397	5065.4	11408	16175	26586	15011	10113	10220	6889	25060	39495	13338	24220	30878
7348.7	27691	20610	5107.8	11546	16325	27263	15306	10251	10453	6985.5	25444	40131	13396	24754	31187
7197.5	26642	20118	5032.9	11260	15953	26468	14895	10063	10256	6884.2	24442	38264	13193	23803	29684
7307.5	27111	20339	5053.9	11395	16033	26262	14903	10084	10283	6878.5	24558	38959	13267	24113	30406
7261.4	27169	20483	5069.5	11388	16212	27075	15119	10174	10429	6966.1	24773	39041	13310	24364	30336
7256.3	26677	20232	5070.2	11382	16088	26538	15061	10075	10298	6896.7	24472	38002	13184	24066	30093
7316.8	27669	20734	5110.5	11522	16429	27461	15306	10229	10362	7017.7	25225	39649	13500	24835	30833
7271.6	27227	20268	5079	11436	16168	26524	15100	10119	10437	6903.4	24619	38330	13200	24072	30327
7196.5	26593	20091	5034.3	11322	15929	26173	14846	10016	10466	6855.6	24101	37350	13118	23728	29743
7243.1	26496	19909	5045.8	11390	15914	26173	14966	10077	10169	6877.5	24346	37274	13082	23826	29879
7291.1	27119	20162	5068.2	11470	16122	26448	15167	10198	10328	6976.8	24978	39027	13322	24280	30197
7272.7	27147	20144	5069.5	11401	16024	26228	15077	10117	10194	6931.3	24791	38316	13287	24226	29921
7350.8	27506	20665	5112.6	11582	16337	27176	15354	10209	10443	7000.1	25086	38609	13429	24564	30761
7359.1	27986	20656	5115.3	11637	16586	27285	15475	10344	10559	7041.2	25463	39874	13502	24564	30923
7334.3	27358	20596	5113.2	11601	16319	27293	15429	10267	10465	7059.9	25321	38850	13417	24742	30618
7310.6	27595	20420	5088.6	11595	16429	26833	15329	10269	10411	6986.5	24966	38850	13366	24304	30521
7341.5	27662	20478	5090	11537	16331	26748	15280	10236	10357	7022.6	25225	39041	13455	24472	30424
7371.5	27557	20601	5127.7	11706	16439	27358	15531	10354	10587	7079.7	25405	39109	13436	24748	30887
7318.8	27662	20619	5118	11595	16480	27271	15464	10317	10584	7075.7	25136	39150	13512	24791	30441
7335.3	27395	20429	5111.2	11580	16221	26825	15394	10275	10416	7059	25296	38810	13460	24791	30636
7236	27176	20255	5054.6	11453	16212	26552	15164	10221	10514	7005	24570	38422	13394	24048	29616
7301.3	27439	20215	5066.8	11501	16281	26241	15198	10213	10330	7001.1	24816	38396	13392	24113	30024
7392.3	28316	21151	5188.6	11800	16828	28024	15842	10430	10546	7159.3	25745	39804	13700	25405	31363
7466.8	28893	21142	5196.3	11876	16792	27624	15749	10478	10698	7160.3	25937	40829	13824	25607	31728
7280.8	27293	20442	5081.8	11539	16344	26911	15357	10330	10448	7085.6	24767	38528	13446	24322	29938
7262.5	27300	20397	5086.6	11528	16363	26818	15329	10306	10416	7058	24564	38133	13368	24208	29658
7304.4	27520	20255	5076.3	11531	16322	26187	15254	10229	10333	7019.7	24773	38211	13406	24172	30033
7311.6	27535	20524	5111.2	11603	16388	26517	15297	10244	10364	7033.4	24692	37924	13474	24346	30197
7320.9	27699	20615	5103	11628	16420	26982	15444	10346	10378	7114.4	25060	38891	13561	24552	30127
7346.7	28123	20878	5142.8	11660	16567	27220	15534	10364	10509	7148.3	25187	39095	13621	24966	30459
7394.4	28285	21108	5183.7	11828	16904	27789	15890	10475	10829	7196.5	25535	39621	13727	25341	31050
7457.3	28449	21051	5178.9	11882	16697	27550	15779	10512	10610	7200.6	25804	39959	13749	25450	31187
7457.3	28591	21180	5181	11826	16762	27662	15866	10491	10733	7226.9	25984	40116	13900	25515	31298
7464.7	28901	21189	5208.2	11983	16944	27827	15969	10577	10772	7230.9	25911	40332	13802	25613	31615
