17373	61023	40031	13659	44953	41534	29692	41037	25712	25844	21830	48331	66928	27948	53864	37299
17005	59461	38622	13488	44124	41156	29243	40217	25450	25871	21479	46418	64287	27090	51972	36221
16818	57637	38330	13396	42882	40433	28821	39719	25079	25528	21343	45994	62729	27278	51093	35289
17085	60143	38837	13455	43870	41382	28861	39761	25244	25751	21329	47002	64287	27293	51631	36522
16684	57999	38343	13310	42466	40652	28797	38945	24903	24847	21223	44761	61960	26975	50522	35437
16864	58083	38810	13481	43044	40652	28845	39945	24966	25725	21372	46699	63219	27307	52041	35750
16948	59696	38959	13364	43289	40770	28512	38783	24760	25270	21089	45378	63153	27213	51005	35808
17218	62826	40564	13722	44813	42387	29574	40579	25193	25437	21621	47756	65390	27827	54934	37375
17184	62535	40390	13659	44518	42198	29383	40260	25079	25067	21587	47678	65530	27917	54909	37087
17432	62989	40873	13741	46624	42753	29684	41610	25470	25871	21641	49311	67185	28116	55549	38237
16961	59963	38796	13429	44192	41291	28559	39818	25010	25073	21156	47174	64696	27410	51721	36643
16398	54632	36839	13127	41081	38555	27439	37860	23849	24545	20402	44124	57971	26296	48371	34180
16490	55757	37211	13191	41066	38689	27184	37199	23528	23983	20259	43603	58055	26248	49042	34716
17042	59520	38716	13464	44708	40903	28216	40245	24897	25048	21094	47561	65007	27191	52225	36619
16861	58450	38823	13401	42898	39846	28001	39509	24101	24250	20841	47098	62183	27184	52133	36437
16742	57999	38595	13396	43305	40799	27963	39260	24101	24816	20633	45504	60839	26918	51093	35761
16884	57943	37899	13331	43603	39846	27483	39191	24256	24509	20628	46680	62374	26833	51293	36008
16851	57637	38146	13361	43938	40202	27834	39398	24202	24454	20551	46493	61054	26698	50872	36043
16661	57915	38120	13175	42324	39551	27025	37603	23443	23832	20140	44587	60173	26734	50349	35587
16439	54707	36449	13089	41519	38093	26489	37680	23319	23539	20061	44830	58422	26079	49186	34972
16385	54532	36766	13118	41825	38330	26727	37899	23103	22873	19922	44656	56763	25904	48674	34994
16131	54085	36692	13015	40375	38303	26461	37074	22701	23064	19789	43060	55471	25864	48391	33796
16319	55523	36570	12933	41007	38316	25844	36186	22589	22987	19348	42737	56495	26045	47347	34561
17184	62342	40711	13607	45468	41779	28177	40873	23855	24137	20651	48960	63416	27557	54507	37744
17048	63983	40652	13509	45684	42356	27925	40073	23972	23913	20492	48131	65390	27879	54184	37590
16468	57471	37224	13064	41841	39412	26262	37860	22900	23314	19725	45504	58995	26385	49104	35198
16628	58851	38343	13191	43109	39832	26448	38067	22911	23103	19712	45630	60233	26818	50522	36401
16684	60595	38932	13255	43921	40932	26982	39000	23130	23460	19943	46624	61240	27082	51585	36558
16831	60809	38649	13299	44107	40873	26748	39551	23297	23619	19935	47913	62826	27003	51495	36595
16590	60023	38891	13193	43060	40770	26854	38878	23125	23308	19952	46530	61865	27155	51361	35984
16432	58764	38449	13118	42340	40031	26330	38120	22378	22949	19556	45147	59169	26663	50762	35552
16522	57033	38211	13080	42167	39761	25811	31381	22363	22819	19552	46400	61271	26904	51473	35773
16073	39467	36852	13060	36534	39579	24479	16612	21977	22089	18356	45006	59140	26434	50048	35610
12649	14789	29904	12346	16439	37312	22012	5586.6	20845	20601	16808	45884	55471	24376	50784	34343
10385	10508	25379	11121	11278	31014	20442	3687.8	20127	20193	15254	43904	39013	20537	46643	29145
7941.4	6566.1	18812	8800.1	7490	14383	16991	2428.2	18726	18135	12055	44988	21047	11760	34638	22264
7364.3	6009	17092	7996.3	6836.6	10357	15779	2264.1	19327	18463	10959	50762	17983	8983	28093	21508
6133	5178.9	13004	6246.2	5764.6	6207.1	11708	2089.2	16687	16372	8684.2	47328	13378	6917.8	15680	19814
5543.8	4835.2	11307	5495.4	5360.9	5027.5	9979.3	1986.3	14980	14732	7640.1	42230	11660	6293.4	11370	17892
4941.3	4549.8	9470.8	4597.6	5062.7	3936.1	8007.8	1872	12748	12437	6316.7	40623	9985.5	5751.3	7410.1	16445
4901.1	4600.7	9142.3	4447.3	5195.6	3782.6	7616.3	1948.6	12294	11953	5969.9	46699	9800.3	5801.4	6652.7	17328
4584.1	4495.3	8010.1	3963.3	5149.8	3492.9	6486.2	1956.5	10166	10445	4983.9	43404	8914	5639.7	5559.5	16908
4246.7	4279.9	7160.3	3631	5000.6	3315	5820.3	1880.3	8775.4	8709.8	4391.6	35785	8263.8	5436.5	5137.3	15613
4035.6	4219.4	6364.5	3334.3	5062	3216.5	5147.7	1926	7367.4	7623.9	3748.9	31899	7719.9	5356.6	4898.4	15446
4099.7	4371	6241.1	3321	5286.4	3308.6	5032.9	2001.7	7077.7	7127.3	3636	34159	7916.4	5603.2	5085.9	16477
3982.1	4405.7	5661.8	3127.3	5325.7	3320.1	4551.6	2000.7	6069	6215.6	3220.9	29650	7740.8	5668.7	5065.4	16599
3819.2	4349.4	5228.5	2938.1	5183.1	3274.1	4277	1962.2	5488	5510.3	3010.3	25784	7509.1	5564	4920.2	15815
3767.3	4425.3	4771.5	2760.6	5098.2	3275.9	3957.4	1935.4	4778.5	4767	2748	22389	7494.3	5484.3	5004	15987
3747.4	4499.5	4609.3	2717.6	5141.5	3348.6	3843	1939.5	4573.6	4687.8	2682.9	21251	7620.6	5412.4	5042.4	16379
3696.8	4543.7	4266.1	2595	5057.3	3378.7	3650.9	1943.3	4142.9	4129	2519.9	18451	7756.2	5244.7	5126.3	16259
3652.4	4537.6	4074.4	2517	4982.6	3373.6	3513.5	1917.3	3934	3909.1	2444.9	16954	7826.3	5131.1	5120.1	15896
3586.7	4560.8	3816.1	2465.4	4947.9	3382	3342.6	1914.5	3684.8	3772.4	2340.3	14953	7939.1	5020.8	5248.2	15851
3578.4	4576.1	3678.8	2425	4939.3	3409.5	3278.1	1919.1	3598	3700.9	2313.2	14260	8074.9	4993.3	5278.6	15851
3548.3	4632.2	3497.2	2379	4955.2	3457.6	3205.3	1954	3457.2	3578.9	2258.6	12774	8232.7	4987.9	5366	15743
3515.9	4653.4	3403	2353	4889.9	3430.7	3158.4	1969.8	3377.3	3360.2	2213.3	12077	8293.8	4978.5	5394.9	15510
3455.3	4637.2	3196.9	2297.4	4842.3	3410.5	3055.9	1989.2	3265.5	3377.3	2182.1	10947	8342.1	4939.3	5432.1	15147
3468.6	4691.6	3144.3	2318.1	4896.5	3430.7	3046.9	2039	3262.7	3352.3	2169.3	10580	8479.3	4954.6	5490.2	15394
3424.1	4721.2	3022.6	2284.5	4843.6	3417.5	2979.9	2058.8	3177.8	3169	2144.5	9771.9	8572.8	4977.2	5548.3	14983
3415.6	4784.9	2952.3	2258.6	4868.3	3455.3	2977.4	2066.6	3135.6	3154.4	2138.8	9355.9	8582.8	4962.6	5564.8	15069
3388	4790	2836.8	2245.8	4857.9	3430.7	2905.8	2085.6	3065.3	3184.9	2119.2	8680.3	8604.2	4980.5	5677.9	14925
3346.3	4781.7	2761.8	2205.1	4799.7	3394.1	2868.5	2087.2	3016.6	3042.6	2091.5	8315.5	8571.5	4945.9	5628.2	14559
3302.3	4812.5	2679	2210.2	4842.3	3385.2	2817.8	2129.9	2991.7	3012	2066.3	7762.9	8600.4	4985.9	5716.4	14435
3285.9	4833.9	2647.3	2191.2	4855.9	3405.3	2821.4	2155.5	2985.4	2954.3	2066.3	7516.6	8627	5009.4	5716.4	14383
3286.8	4906.3	2561.8	2169	4897.8	3436.8	2798.5	2178.7	2938.9	2933.1	2080	7170.4	8670.1	5022.1	5813.2	14357
3309.1	5001.3	2581	2207.5	5004.7	3467.1	2816.2	2224.2	2970.2	2912.8	2084.3	7059	8873.2	5129.1	5927.1	14678
3310.9	5073.6	2501.8	2179.7	5038.3	3487.1	2780.9	2243.1	2923.6	2974	2093.2	6756.5	8879.8	5162.9	6040.9	14678
3179.1	4874.2	2398	2119.2	4899.1	3364.8	2687.6	2206.5	2845.3	2860.7	2008.1	6315.8	8501.6	4999.3	5821.1	13787
3142.1	4918.8	2336	2089.5	4916.9	3384.3	2651.6	2215	2813.4	2911.6	2006.5	6003.2	8529	5050.5	5863.1	13599
3192.4	5014.7	2347.7	2131.2	5064.1	3429.3	2688	2277.9	2846.1	2870.5	2037.7	6002.4	8667.6	5131.1	6036	13987
3184.4	5139.4	2333.9	2122.5	5103	3465.2	2684.1	2308.3	2820.6	2782.5	2032.5	5781.8	8822.2	5197.7	6092.2	14044
3250.6	5250.3	2331.4	2144.5	5236.2	3525.5	2708.6	2347	2841.6	2889.3	2080.4	5810	9000.4	5315	6289.9	14556
3220.5	5266.6	2289.8	2141.8	5310.7	3539.1	2687.2	2377.9	2837.6	2963.1	2079.4	5596.4	9048.7	5355.1	6376.7	14350
3089.5	5111.9	2215.7	2076.4	5152.5	3423.2	2607.2	2327.2	2740.8	2723.1	1992.4	5276.5	8693.1	5163.6	6107.9	13561
3099	5157.4	2157.9	2063	5233.4	3444.9	2587.8	2348.4	2723.1	2790.1	2002.3	5138.7	8672.7	5164.3	6184.2	13664
3070.1	5156	2152.5	2058.1	5220.8	3413.3	2556.1	2360.8	2707.5	2716.9	1983.5	5034.3	8741.9	5199.1	6183.4	13431
3108.5	5355.9	2162.6	2072.8	5407.3	3510.6	2605.3	2418.8	2727.8	2695.4	2017.4	4969.9	8961.7	5281.5	6331.4	13908
3145.2	5424.8	2170.7	2093.2	5497.6	3549.2	2629.7	2472.3	2751.9	2742.8	2052.6	5008.7	9121.9	5364.5	6491.5	14196
3141.7	5522.9	2157.2	2085.9	5589.6	3573.1	2617.1	2490	2734.1	2741.2	2057.8	4878.1	9237.2	5421.1	6607	14257
3084.7	5421.9	2101.7	2064.3	5595.7	3533.3	2560.7	2480.8	2715.3	2782.1	2003.6	4715.5	9067.6	5351.5	6475.5	13844
3079.5	5486.5	2069.9	2037.4	5643.5	3541	2540.8	2489.2	2684.8	2778.5	2014.5	4615.5	9097.4	5342.9	6505	13829
3086.4	5574.6	2094.8	2057.2	5718.7	3581.9	2576.5	2533.7	2694.2	2700.4	2030.6	4587.1	9190.3	5384.1	6607.9	14047
3095.5	5617.6	2067.3	2062.4	5858.3	3603.9	2556.5	2552.8	2706.3	2821.8	2030.3	4494	9298.4	5446	6702.5	14072
3084.3	5658	2070.5	2059.8	5905.4	3609.8	2557.7	2557.3	2693	2825	2026.4	4440.7	9302.6	5461.5	6740.7	14094
3068.8	5687.1	2064	2052.6	5964.2	3608.3	2558.8	2603.4	2685.6	2677.5	2024.8	4388.1	9375.6	5457.8	6761.2	14022
3126	5839.3	2086.3	2082.6	6143	3686.8	2599.2	2651.2	2722	2699.3	2065.6	4427.1	9615.4	5550.5	6951.5	14546
3130.8	5903	2072.2	2075.8	6253.1	3703.9	2568.9	2654.7	2720	2833.5	2065.6	4338.3	9745.1	5627.5	7024.6	14496
3115.1	5916.6	2072.8	2071.5	6257.3	3711.9	2592.7	2681	2700.4	2729.8	2073.2	4319.7	9688.8	5607	7050.1	14575
3113.8	5992.6	2068.3	2074.8	6365.3	3725.1	2574.2	2714.5	2708.6	2663.1	2060.7	4279.3	9878.7	5626	7081.7	14575
3055.5	5918.2	2035.8	2047.4	6321	3679.8	2534.1	2688	2684.5	2650.8	2032.5	4165.3	9724.3	5573.8	6968	14170
3055.5	5942.4	2036.7	2051	6389	3675.8	2534.5	2713.3	2663.9	2659.7	2038.7	4118.5	9740.6	5597.2	7083.6	14178
3061.5	6016.3	2040.3	2040.6	6437.4	3705.4	2540.8	2711.8	2642.3	2654.3	2045.8	4096.9	9758.5	5579.8	7133.3	14303
3058.5	6082.2	2028.3	2037.7	6542.7	3736.2	2547.9	2751.9	2659.3	2633.5	2053.6	4068.9	9868.1	5623.7	7190.5	14298
3075.7	6193.5	2053.9	2056.8	6670.2	3785.2	2571.9	2776.9	2671.7	2647.7	2063.7	4057.4	10012	5681	7314.7	14638
3058.9	6146.4	2017.4	2040.6	6734.1	3763.7	2521	2762.6	2652.3	2774.1	2039	3966.5	9893.8	5622.2	7266.5	14409
3091.2	6303.7	2063.7	2070.5	6863.2	3830.6	2580.6	2835.5	2697.7	2668.2	2084	4033.4	10245	5743.6	7422.6	14778
3060.6	6258.2	2038	2045.8	6859.4	3784.7	2536.3	2816.6	2640	2593.9	2050.7	3949.4	10088	5654.9	7385.1	14517
3002.2	6139.7	1999.1	2019.3	6788.4	3748.9	2489.6	2776.1	2615.5	2696.9	2014.5	3838.4	9840.9	5591.1	7291.1	14064
3021.7	6196.1	1993	2010.3	6856.5	3751.5	2483	2783.7	2609.1	2735.7	2026.7	3828.5	9922.7	5616.9	7346.7	14125
3073.9	6422.4	2056.2	2058.8	7093.5	3852.4	2560.7	2884	2684.1	2651.6	2074.5	3926.6	10395	5758.3	7543.2	14697
3081.7	6506.7	2055.9	2047.1	7187.5	3890.6	2572.7	2890.2	2668.9	2675.1	2091.2	3899.1	10445	5774.7	7620.6	14729
3080.8	6520.2	2048.7	2051.3	7245.1	3898.5	2554.6	2884.4	2658.9	2758.2	2077.7	3855	10401	5784.1	7688.1	14914
3049.9	6442.7	2032.9	2047.7	7273.7	3842.5	2529.2	2902.5	2658.5	2668.2	2058.1	3824.9	10344	5729.6	7626	14567
3036.6	6463.9	2032.9	2028.3	7213.7	3848.8	2523.7	2900.4	2640	2647.7	2057.2	3804.7	10354	5688.7	7605.5	14412
3023.4	6474.6	2026.4	2024.5	7287	3855.5	2516.2	2911.6	2634.7	2600.3	2040	3767.3	10367	5672.5	7596.9	14389
3067.5	6604.2	2051.3	2052.3	7462.6	3922.8	2534.5	2930.6	2653.5	2765.4	2065.3	3776	10496	5778.6	7792.8	14716
3076.5	6714.6	2067.6	2052.9	7575.4	3970.3	2556.9	2965.6	2671.7	2814.6	2081	3770.8	10627	5813.2	7847.6	14827
3096.4	6815.8	2104.4	2078.7	7645.6	3988	2588.9	3019.6	2695.4	2650.8	2111	3829	10928	5895.8	7982.5	15038
3127.3	6899.5	2109.6	2096.1	7820.7	4040.5	2587.4	3041.3	2703.5	2801.7	2108.6	3821.8	10961	5912.6	8108.7	15300
3031.5	6675.7	2047.7	2020.9	7486.9	3900.1	2515.5	2953.5	2607.2	2603.4	2047.1	3715	10508	5687.1	7796.2	14467
3020.9	6716.5	2057.2	2009.7	7500.6	3928.7	2528.9	2971.5	2607.2	2598.4	2064.3	3705.4	10570	5704.8	7846.5	14355
3077.8	6888	2111	2065.6	7752.9	4010.6	2581.4	3052.5	2655.8	2626.6	2096.1	3762.2	10869	5833.7	8070.3	14953
3109.8	7001.1	2124.2	2078.4	7930	4058.5	2573.5	3062.7	2683.3	2794.5	2103	3760.6	11029	5895	8184	15178
3073.9	6933.2	2097.8	2036.4	7812.9	4038.8	2561	3040.9	2654.7	2788.1	2104	3733.2	10875	5825	8118.1	14819
3068.8	6994.3	2119.2	2052.3	7820.7	4039.9	2570.8	3052.9	2636.6	2645.8	2092.8	3728.6	10912	5805.3	8153.3	14909
3042.2	6922.6	2096.1	2024.1	7755.1	4014.4	2553.1	3032	2626.2	2648.5	2082.3	3692.8	10827	5742	8028.6	14540
3085.1	7083.6	2137.2	2058.1	7980.2	4107.4	2589.7	3090.8	2663.1	2746	2113.9	3733.2	11057	5853.5	8263.8	15030
3149.6	7336.3	2201.4	2110	8207.7	4193.4	2648.1	3167.6	2724.7	2710.6	2145.8	3817.6	11552	6014.7	8535.2	15619
3108.1	7209.7	2177.1	2090.5	8106.4	4112.9	2593.9	3138.2	2691.1	2701.6	2109.3	3765.2	11370	5905.4	8416.4	15277
3125.5	7267.6	2193.6	2100.1	8159.2	4145.2	2611	3150	2705.9	2712.5	2125.9	3782.6	11453	5972.3	8511.5	15377
3129.5	7302.4	2204.1	2099.1	8229.1	4146.3	2612.9	3178.2	2700.8	2741.2	2124.2	3782.6	11494	5948.8	8539	15444
3138.2	7386.1	2210.2	2090.2	8243.4	4215.4	2647	3195.1	2715.3	2719.2	2153.2	3808.3	11597	5948	8570.3	15542
3127.7	7402.8	2225.2	2084.9	8232.7	4213.7	2647	3195.5	2708.6	2676.3	2151.2	3793.9	11656	5952.1	8566.5	15403
3144.3	7463.6	2243.4	2102.7	8338.4	4241	2652.3	3220.5	2729.4	2722	2150.5	3806.3	11783	5986.1	8674	15577
3160.6	7491.1	2243.1	2109.3	8407.9	4252.9	2627	3210.2	2723.5	2844.5	2143.8	3801.6	11746	5973.1	8696.9	15695
3192	7623.9	2276.9	2135.8	8566.5	4318	2672	3265.9	2753.9	2892.2	2179.1	3850.3	11983	6070.6	8906.1	16063
3139.5	7504.9	2266.2	2107.3	8420.1	4251.8	2647	3251.5	2734.5	2765	2148.9	3813.5	11808	5980.4	8743.2	15542
3126.4	7513.4	2264.1	2098.7	8367.6	4247.2	2632.4	3247.9	2726.7	2745.6	2136.2	3800.6	11804	5944	8690.6	15412
3143	7613.1	2298.8	2111.6	8394.4	4272.4	2645.8	3266.8	2720	2742.8	2148.9	3806.3	11882	5995.9	8824.8	15504
3174.7	7636.9	2304.1	2112.9	8475.6	4302.3	2656.2	3269.5	2725.5	2863.2	2170	3839.9	11941	6010.6	8891.6	15728
3188.4	7787.3	2347.7	2120.2	8541.4	4357.5	2688	3302.3	2733.7	2772.5	2180.1	3859.7	12123	6025.3	8963.1	15905
3229.9	7911.9	2372.6	2151.5	8759.9	4430	2725.5	3367.1	2796.1	2907.5	2222.9	3929.7	12481	6135.5	9186.2	16287
3194.2	7866.7	2367.2	2118.9	8572.8	4380.4	2692.2	3338	2752.3	2756.3	2180.1	3900.6	12323	6050	9003.1	15878
3175.6	7805.1	2371.5	2135.8	8625.7	4371	2698.1	3350.5	2765.4	2779.7	2171.3	3880.1	12228	6015.5	9040.7	15824
3177.8	7887	2404.1	2138.2	8627	4417	2713.3	3361.1	2780.5	2861.5	2200	3897.5	12344	6071.4	9128.7	15869
3208	7951.7	2431.5	2159.9	8686.7	4415.2	2719.6	3394.6	2775.7	2810.5	2201.4	3935.6	12467	6112.1	9262.2	16024
3228.1	7984.8	2435.1	2153.2	8717.4	4453.9	2729.8	3402.5	2776.9	2862.8	2219.4	3964.4	12519	6079.7	9278.8	16184
3219.6	8006.7	2451.1	2145.8	8647.3	4436	2730.6	3416.6	2774.1	2792.1	2205.1	3964.4	12543	6086.3	9238.6	16045
3203.5	8035.5	2457.7	2138.8	8671.4	4489.2	2740.4	3411.4	2772.1	2805.3	2215.7	3954.8	12488	6052.5	9249.7	15881
3224.1	8093.5	2488.1	2169.3	8802.7	4498.3	2745.2	3453.8	2812.1	2879.5	2212.6	3978.8	12662	6081.4	9350.2	16206
3247.9	8233.9	2517.7	2167	8840.4	4548.6	2779.7	3489.5	2815	2813.4	2222.5	4020.9	12884	6105.5	9391.1	16319
3245.6	8231.5	2533.3	2181.8	8865.3	4574.3	2786.9	3484.8	2817	2920.7	2247.9	4030.1	12871	6117.1	9502.4	16404
3277.7	8389.5	2578	2181.8	8848.3	4605	2813.8	3516.4	2824.6	2838.4	2262.4	4082.6	13159	6190.2	9602.3	16436
3326.1	8535.2	2616.7	2224.2	9048.7	4686.6	2851	3552.1	2853	2897.2	2290.5	4144	13336	6257.3	9831.9	16964
3325.6	8549	2634.3	2208.2	9042	4697.2	2843.2	3558	2865.6	2977.8	2292.9	4146.3	13441	6266.8	9792.8	16931
3218.3	8185.2	2553.5	2138.2	8668.9	4549.2	2757.5	3459.5	2785.7	2825.8	2217.4	4025.3	12727	6006.5	9302.6	15839
3270	8384.6	2626.6	2185.2	8867.9	4624.2	2790.5	3523.6	2835.5	2952.3	2255.1	4093.1	13098	6134.7	9609.6	16356
3332.9	8596.7	2674.8	2217.4	9077.1	4723.1	2848.9	3580.9	2872.6	2991.7	2280.7	4170.3	13441	6228.3	9810.8	16988
3326.1	8616.8	2718.4	2236.9	9100.1	4733.2	2874.6	3614.7	2882.8	3006.9	2295	4197.9	13446	6243.7	9954.8	16984
3281.8	8505.3	2688	2193.3	8864	4683.4	2845.3	3584.3	2856.7	2874.2	2261.3	4153.5	13341	6146.4	9702.1	16375
3271.8	8521.5	2702	2200.7	8911.4	4690.3	2840.4	3582.8	2855.8	2972.8	2265.8	4160.8	13299	6123	9745.1	16461
3345.4	8709.8	2760.2	2238.6	9128.7	4775.9	2883.6	3633.5	2882.4	2989.2	2300.2	4249.5	13659	6225.8	9974.7	17018
3333.9	8754.8	2798.5	2248.6	9116.4	4802.2	2914.1	3680.8	2914.1	3018.8	2325.8	4293.7	13773	6277.9	10078	17079
3316.4	8732.9	2791.7	2215.4	8936.5	4787.5	2900	3657.8	2888.9	2905.4	2293.2	4245.5	13681	6212.2	9898.4	16606
3318.3	8727.7	2804.5	2209.2	8935.2	4790.7	2891.4	3646.9	2882.8	2987.1	2305.5	4280.5	13712	6197.8	9948.7	16628
3289	8643.4	2808.1	2207.5	8819.6	4727.5	2865.2	3624.1	2869.3	2914.9	2267.2	4222.8	13464	6136.3	9824.3	16353
3293.1	8691.8	2840.4	2224.2	8915.3	4781.7	2891.8	3646.9	2880.3	3012.8	2283.5	4269	13512	6112.9	9865	16487
3408.6	9063.6	2930.2	2285.2	9295.6	4942.6	2977.4	3777	2974.4	3086	2374	4440.7	14389	6348.8	10401	17538
3414.2	9177.9	2982	2292.5	9308.2	4983.2	2998	3800.1	2998	3083.4	2364.7	4460.4	14498	6389.8	10411	17605
3325.1	8765.1	2902.5	2229	8945.8	4813.2	2912	3702.9	2913.6	3032.8	2303.7	4352.9	13741	6146.4	9996.2	16612
3342.6	8854.8	2920.3	2219.1	8873.2	4852.7	2928.5	3703.9	2898.4	2904.6	2307.2	4402.2	13885	6158.1	9965.5	16544
3397.4	9176.5	3023.4	2288.7	9206.8	4972.5	3004.4	3819.2	2988.3	3073.9	2354.8	4488	14404	6318.4	10403	17352
3429.3	9215.1	3071.3	2300.6	9220.6	5004	3032.8	3855.5	3003.1	3067.9	2379.7	4549.8	14559	6361	10526	17450
3387.6	9139.6	3058.5	2284.9	9138.2	5003.3	3008.6	3814.5	2977.4	3098.1	2361.9	4500.1	14314	6292.5	10396	17160
3391.3	9171.1	3084.3	2272.4	9055.5	4982.6	3009.9	3824.4	2980.7	3081.3	2362.2	4536.4	14430	6283.9	10395	17092
3458.6	9377	3148.3	2309	9260.8	5063.4	3065.8	3901.2	3009.9	3034.9	2376.5	4609.3	14746	6361.9	10585	17605
3455.7	9452.3	3182.7	2305.8	9208.2	5128.4	3102.9	3916	3028.1	3040.1	2404.8	4653.4	14939	6394.2	10620	17524
3440.1	9333.4	3178.7	2292.2	9131.4	5050.5	3041.3	3866.5	3007.3	3111.6	2367.9	4608.1	14678	6325.3	10524	17380
3438.2	9394	3190.7	2284.9	9124.6	5109.8	3080.8	3912.8	3011.6	3027.7	2376.8	4664.6	14770	6300.3	10439	17215
3427.4	9350.2	3216.5	2299.5	9112.3	5116	3083.4	3894.8	3011.1	3119.4	2396.5	4672.8	14678	6297.7	10516	17129
3470.9	9512.5	3284.5	2333.6	9256.6	5164.3	3111.1	3949.4	3041.8	3176	2413.8	4743.4	14980	6354.9	10744	17694
3496.7	9605.2	3331.1	2349.5	9297	5196.3	3135.1	3990.7	3069.2	3174.7	2423.9	4792	15184	6423.2	10865	17896
3497.7	9700.6	3361.1	2335.3	9223.4	5230.6	3162.4	4024.2	3082.1	3128.6	2432.2	4820.9	15323	6449.8	10893	17701
3458.6	9475.1	3321	2314.6	9096.1	5151.8	3092.5	3935.6	3031.5	3161	2393.6	4771.5	14881	6283.9	10555	17332
3491	9647.6	3397.8	2332.5	9179.3	5207.5	3156.2	4025.8	3079.5	3153.1	2429.3	4852.7	15198	6368	10820	17534
3559.9	9895.3	3466.7	2366.1	9401.1	5333.6	3228.5	4111.3	3129.9	3118.1	2483.3	4999.3	15911	6522.9	11157	18281
3569.2	9865	3493.8	2365.1	9329.2	5313.5	3220	4103.5	3119.4	3133.8	2464.3	5000.6	15776	6506.7	11093	18127
3483.8	9618.3	3431.6	2326.5	9081.1	5217.3	3159.3	4014.4	3058.5	3115.9	2424.3	4926.8	15223	6327.1	10730	17359
3493.4	9611	3478.6	2327.6	9093.3	5249.6	3199.5	4059.6	3070.1	3085.1	2434	4951.9	15235	6329.7	10778	17356
3631	10255	3641.4	2416.7	9554.3	5483.6	3315.5	4209.2	3182.2	3158.8	2514	5153.2	16429	6620.7	11468	18820
3630.5	10259	3681.8	2424.6	9583.4	5483.6	3314.1	4238.7	3221.8	3287.2	2528.9	5205.4	16471	6617.9	11511	18883
3526	9810.8	3588.2	2348	9141	5325.7	3239.8	4101.9	3094.7	3147	2458.8	5057.3	15536	6381.1	10955	17555
3578.4	10125	3690.3	2387.2	9322.1	5478.4	3319.2	4201.8	3172.9	3166.3	2501	5160.1	16141	6515.7	11213	18120
3659.3	10426	3797.5	2443.1	9650.5	5620.7	3399.2	4290.8	3234.4	3253.7	2556.5	5304.2	16752	6661.9	11575	18975
3677.3	10521	3826.4	2447.1	9596.4	5597.2	3393.2	4319.1	3246.5	3258.2	2548.7	5379.7	16941	6685	11721	19152
3546.3	9999.3	3733.7	2377.2	9193	5431.4	3291.8	4170.3	3151.4	3271.8	2491.4	5208.2	15836	6399.5	11033	17802
3635.5	10365	3854	2436.9	9460.8	5580.6	3364.8	4280.5	3230.3	3350.9	2520.7	5328.6	16471	6545.4	11418	18675
3636	10365	3863.9	2428.2	9443.7	5588.1	3385.7	4301.8	3223.6	3221.8	2541.5	5408.8	16651	6575.2	11466	18628
3626.6	10315	3913.3	2430.8	9375.6	5585.9	3386.6	4273.6	3215.6	3303.2	2540.8	5398.6	16519	6545.4	11457	18447
3631.5	10387	3938.2	2424.3	9372.8	5614.6	3429.3	4322	3238.9	3251.9	2535.6	5399.3	16548	6569.7	11470	18394
3654.8	10491	3999.8	2439.5	9385.5	5641.2	3427.4	4331.9	3259.6	3398.8	2557.7	5487.3	16723	6597	11571	18694
3673.8	10562	4037.2	2461	9528.3	5717.2	3476.6	4366.3	3272.2	3320.1	2563.7	5540.1	16991	6620.7	11660	18871
3686.8	10600	4064.5	2459.5	9453.7	5714.1	3479.5	4396.3	3273.6	3285.9	2557.7	5570.8	16964	6617	11654	18871
3683.8	10609	4124	2480	9482.3	5745.1	3507.3	4429.4	3311.4	3409.1	2589.3	5604.7	16974	6634.4	11789	18939
3717.5	10781	4198.4	2498.5	9577.5	5829.8	3541	4449.1	3325.6	3454.8	2615.5	5700.2	17304	6683.1	11943	19241
3700.9	10615	4173.1	2465.7	9399.6	5748.2	3530.4	4431.8	3289.5	3264.6	2596.9	5695.6	17157	6659.2	11787	18796
3669.3	10656	4225	2463.5	9332	5770	3540.5	4439	3315	3402.5	2589.7	5665.6	16988	6602.4	11771	18671
3737.2	10747	4262.7	2484.4	9465.1	5813.2	3571.6	4494	3331.6	3306.4	2613.3	5808.5	17429	6692.4	11924	19071
3753.5	10855	4330.7	2499.9	9506.7	5866.2	3618.2	4535.8	3354.6	3353.2	2634.3	5873.4	17587	6728.5	12051	19164
3793.9	11211	4437.8	2553.5	9734.7	6008.1	3661.8	4582.8	3409.1	3548.8	2671.3	5961	18072	6812	12321	19879
3806.8	11168	4470	2544.5	9722.8	6036	3703.9	4644	3430.2	3435.4	2684.5	6054.1	18269	6842.3	12321	19823
3719.5	10764	4395.7	2495.5	9368.5	5857.5	3603.9	4532.2	3356.9	3505.3	2631.2	5913.4	17349	6645.4	11880	18769
3715.5	10850	4427.1	2491.1	9420.9	5928.7	3635.5	4541.9	3366.2	3408.1	2625.9	5949.6	17474	6618.8	11797	18800
3841.5	11366	4579.8	2547.9	9709.5	6083	3739.8	4679.6	3474.7	3509.2	2691.5	6148.9	18539	6864.2	12387	19939
3852.4	11444	4666.5	2576.8	9687.3	6112.9	3774.4	4711.1	3466.7	3537.1	2701.2	6186.8	18432	6876.6	12579	20131
3756.5	10919	4530.3	2498.5	9351.6	5925.4	3675.8	4590.8	3389	3455.7	2627.4	6035.2	17573	6649	11979	18903
3744.3	10924	4576.1	2494.4	9283	5932.7	3688.8	4609.3	3403.9	3486.7	2645	6069	17541	6629.8	11926	18777
3737.7	10919	4629.1	2513.3	9262.2	5946.4	3709.9	4635.3	3404.4	3556.5	2659.7	6123.8	17499	6652.7	12019	18714
3791.9	11213	4735.8	2550.2	9521.1	6099.6	3776.5	4690.3	3456.2	3558.9	2688.3	6247.1	18098	6723	12113	19286
3783.1	11164	4723.1	2527	9368.5	6074.8	3775.4	4660.9	3432.1	3451.5	2668.2	6208.8	18028	6732.3	12169	19079
3807.3	11154	4783.6	2537.4	9384.1	6069	3800.1	4719.9	3463.3	3550.7	2677.5	6281.3	17878	6697.9	12178	19299
3898.5	11671	4940	2594.2	9696.2	6279.6	3918.6	4854.6	3553.6	3575	2749.9	6505	19140	6936.1	12699	20184
3936.1	11839	5026.9	2633.5	9842.4	6316.7	3927.6	4892.5	3584.8	3733.7	2774.5	6618.8	19406	6955.4	12882	20661
3873.3	11597	4962.6	2581.8	9571.7	6215.6	3884.9	4834.5	3544.4	3663.8	2736.5	6520.2	18788	6838.5	12519	19892
3863.4	11475	4997.3	2575.7	9473.7	6202	3905.9	4835.2	3539.5	3635.5	2744.4	6532.8	18551	6793.1	12526	19644
3841.5	11381	4981.9	2559.2	9379.8	6185.9	3879.1	4786.2	3518.3	3685.3	2723.5	6529.2	18390	6745.3	12249	19336
3836.3	11392	5041.7	2566.3	9337.6	6227.5	3925	4817.7	3516.4	3603.4	2717.2	6509.4	18247	6739.7	12387	19331
3906.4	11783	5189.3	2622.4	9657.9	6396.8	4018.2	4924.8	3595.6	3627.6	2797.3	6758.4	19410	6936.1	12774	20026
3921.3	11830	5217.3	2618.6	9630	6405.6	4024.7	4962.6	3620.2	3769.3	2780.1	6776.2	19213	6884.2	12668	20166
3955.8	11928	5285.7	2647	9740.6	6444.4	4061.8	4985.9	3634	3726.1	2814.6	6901.5	19644	6962.2	12935	20465
3966	12015	5390.6	2665.8	9715.4	6492.4	4117.9	5070.2	3664.8	3829	2845.3	7005	19754	7013.8	13100	20519
3916.5	11764	5284.3	2602.2	9479.4	6413.5	4061.2	4959.2	3610.8	3647.9	2780.9	6852.7	19136	6906.3	12671	19887
3923.9	11787	5347.2	2612.1	9469.4	6432.1	4083.7	4986.6	3614.2	3643.9	2787.3	6894.7	19180	6887.1	12692	19930
3974	12035	5508	2675.9	9713.9	6566.1	4173.7	5091.3	3660.3	3707.9	2842	7083.6	19759	7007	13103	20483
3998.2	12192	5585.9	2691.5	9739.1	6607.9	4205.8	5123.5	3693.8	3797.5	2868.9	7177.4	20048	7043.2	13198	20734
4048.6	12534	5714.9	2722.3	9967	6773.4	4305.8	5225.7	3771.9	3880.7	2916.9	7297.2	20785	7165.3	13566	21372
4011.2	12331	5663.3	2681	9770.4	6675.7	4254.1	5187.9	3741.3	3913.3	2868.5	7233	20135	7041.2	13118	20753
3958	12011	5602.5	2650.4	9465.1	6532.8	4188.3	5076.3	3664.8	3850.9	2833.9	7133.3	19443	6914.9	12869	19909
3979.4	12079	5655.7	2663.1	9532.6	6582.4	4228.5	5145.6	3699.9	3816.1	2827.5	7186.5	19476	6898.6	12858	20175
4109.1	12738	5893.4	2755.1	10026	6875.6	4392.2	5324.3	3809.9	3848.2	2935.6	7568.9	21256	7211.7	13678	21726
4125.1	12761	5970.7	2755.1	10010	6868.9	4428.3	5350.1	3850.9	4023.6	2965.6	7632.5	21304	7219.8	13768	21731
4020.4	12253	5799	2686.8	9630	6702.5	4323.8	5225	3751.5	3835.3	2854.6	7356	19939	6961.2	13071	20551
3987.4	12180	5872.6	2691.5	9590.6	6735.1	4378.1	5238.4	3748.4	3756.5	2886.9	7414.3	19935	7004	13143	20197
4056.3	12511	5985.3	2716.9	9734.7	6808.2	4419.9	5293.6	3810.9	3951	2929.4	7595.8	20661	7091.6	13389	20739
4092	12536	6056.6	2736.5	9833.4	6882.3	4493.4	5376.8	3843	3870.7	2933.1	7677.1	20716	7133.3	13538	21199
4071.1	12581	6078.9	2735.7	9725.8	6853.7	4460.4	5307.8	3818.2	3983.1	2927.3	7643.4	20565	7089.6	13408	20859
4077.1	12608	6152.3	2729	9716.9	6868.9	4479	5321.4	3822.8	3953.2	2928.5	7680.4	20720	7112.4	13345	20822
4107.4	12764	6200.3	2755.5	9818.3	6947.7	4542.5	5405.8	3868.1	3928.7	2966.9	7851	21194	7174.4	13535	21151
4141.8	12842	6298.6	2768.6	9866.6	7008.9	4618.6	5485.1	3922.8	4036.1	2979.9	7930	21127	7189.5	13722	21494
4182.1	13146	6422.4	2802.9	10005	7152.3	4718.1	5578.3	3979.4	4019.8	3025.6	8088.9	22063	7341.5	14087	22058
4204.7	13278	6522.9	2811.3	10055	7217.8	4772.7	5609.3	4003.6	4022.5	3046.9	8181.6	22357	7395.5	14198	22228
4078.2	12502	6289.1	2736.9	9643.2	6913	4593.3	5406.6	3878	4033.9	2957.3	7914.1	20587	7050.1	13310	20596
4066.7	12581	6380.2	2738.5	9564.5	6965.1	4643.4	5425.5	3893.3	4034.5	2968.6	7932.3	20688	7081.7	13331	20474
4237	13406	6660.1	2846.5	10100	7276.8	4818.4	5641.2	4013.9	4014.4	3055.5	8337.2	22452	7405.9	14314	22420
4234.7	13443	6731.3	2847.3	10114	7332.2	4872.2	5697.9	4049.7	4095.8	3084.3	8421.3	22605	7418.5	14311	22274
4186	13019	6566.1	2778.5	9786.9	7148.3	4771.5	5570	3990.1	4048.1	3014.1	8241	21626	7253.3	13761	21455
4193.9	13134	6659.2	2796.9	9801.8	7168.4	4830	5628.2	4011.7	4103	3038.3	8336	21676	7247.2	13858	21553
4268.4	13380	6792.2	2838.8	9997.8	7273.7	4903.7	5722.6	4076	4164.7	3079.5	8524	22425	7350.8	14280	22300
4271.8	13528	6939	2866	10012	7361.2	4976.5	5770.8	4100.8	4274.1	3115.5	8644.7	22669	7437.3	14425	22228
4217.1	13205	6790.3	2822.2	9851.5	7266.5	4920.2	5679.4	4044.3	4095.8	3037.9	8444.7	21820	7276.8	13999	21770
4203	13193	6903.4	2836	9862	7350.8	4990.6	5724.2	4054.1	4082	3067.9	8524	21962	7327.1	14069	21636
4254.1	13371	6979.7	2840.8	9836.4	7307.5	4990.6	5756	4079.8	4231.9	3090.8	8651.1	22212	7362.2	14160	21977
4278.7	13408	7045.2	2854.6	9956.3	7413.2	5079.7	5828.2	4119	4156.9	3097.3	8725.1	22311	7375.7	14260	22212
4259.8	13396	7026.5	2845.7	9889.3	7389.2	5041	5774	4100.2	4094.7	3087.3	8726.4	22473	7350.8	14107	21972
4251.2	13403	7091.6	2859.5	9853	7408	5077	5801.4	4101.3	4105.2	3093.4	8800.1	22342	7348.7	14132	21936
4331.3	13691	7245.1	2886.1	10013	7481.6	5175.4	5913.4	4170.9	4265	3135.6	8941.8	22808	7435.2	14511	22642
4334.8	13829	7295.2	2887.7	9996.2	7567.8	5213.1	5927.1	4193.4	4281.6	3138.2	8987.1	22998	7473.1	14464	22578
4273	13464	7227.9	2868.5	9827.3	7457.3	5183.1	5871	4149.6	4224.5	3111.6	8881.1	22326	7352.9	14301	21936
4311	13722	7334.3	2883.2	9928.8	7562.5	5242.6	5939.1	4198.4	4293.1	3130.8	8999.1	22701	7381.9	14260	22222
4319.1	13666	7410.1	2895.1	9976.3	7600.1	5322.1	5976.4	4214.8	4227.3	3172.1	9128.7	22938	7465.7	14519	22331
4341.8	13893	7539	2923.2	10091	7702.3	5389.9	6036.8	4261	4263.2	3178.7	9215.1	23302	7525.1	14599	22631
4329.6	13851	7551.8	2900.9	9967	7644.5	5376.1	6016.3	4255.2	4370.4	3185.3	9177.9	22982	7467.8	14448	22202
4329	13691	7532.6	2902.1	9901.4	7622.8	5422.6	6051.6	4261	4305.8	3180.5	9259.4	22868	7445.7	14467	22181
4290.2	13488	7504.9	2874.2	9733.2	7519.8	5365.2	5965	4218.2	4404.6	3169.9	9191.7	22326	7352.9	14178	21617
4292.5	13580	7530.4	2885.2	9770.4	7579.7	5391.3	5973.1	4217.7	4230.2	3144.8	9182	22488	7365.3	14257	21785
4471.2	14548	7930	2974.4	10248	7956.2	5632.1	6224.1	4388.6	4443.1	3258.7	9644.7	24497	7724.3	15156	23803
4461	14591	8006.7	2990	10298	8028.6	5705.6	6289.9	4418.2	4467.6	3285.9	9815.3	24779	7737.5	15164	23602
4313.9	13758	7761.8	2907	9830.4	7719.9	5555	6056.6	4278.7	4315.6	3185.8	9343.2	22771	7449.9	14342	21856
4320.3	13780	7771.7	2894.3	9713.9	7696.8	5570	6060.7	4282.2	4321.4	3198.2	9402.5	22830	7447.8	14415	21696
4501.9	14700	8201.8	3021.3	10279	8085.4	5842.4	6375.8	4446.7	4422.9	3326.5	9996.2	25022	7819.6	15539	23814
4463.4	14477	8098.2	2978.6	10078	7927.8	5774	6287.4	4427.1	4548	3290.4	9909	24292	7658.6	15069	23108
4396.9	14150	8063.3	2964.8	9982.4	7942.5	5792	6265.9	4395.1	4414.6	3274.5	9782.4	23682	7608.7	14936	22483
4447.9	14391	8125.1	2972.3	10061	7961.9	5821.9	6318.4	4449.7	4600.7	3283.6	9915.1	24060	7586.1	14835	22868
4413.4	14267	8195.8	2976.1	10002	8002.1	5891	6308.9	4440.1	4468.8	3298.6	9902.9	24013	7641.2	14942	22658
4470	14511	8281.7	2987.5	10055	8033.2	5905.4	6347.9	4463.4	4582.8	3302.3	10024	24208	7661.9	14950	23048
4462.2	14511	8390.7	3017.1	10139	8097	6005.7	6412.7	4491	4590.8	3340.8	10183	24479	7734.2	15172	23081
4524.3	14695	8495.4	3033.2	10226	8161.6	6093.8	6471.9	4544.9	4728.8	3371.8	10333	24779	7756.2	15351	23465
4507.9	14678	8414	3008.6	10105	8121.6	6037.6	6430.3	4535.8	4680.9	3339.8	10290	24723	7721	15128	23185
4503.1	14692	8564	3036.2	10125	8198.2	6148.9	6511.2	4560.2	4725	3374.1	10364	24656	7752.9	15294	23247
4497.1	14609	8586.6	3037.9	10133	8193.5	6180.9	6510.3	4550.4	4572.4	3366.7	10395	24552	7767.3	15329	23347
4527.3	14681	8658.7	3046	10149	8201.8	6211.3	6531.9	4554.7	4568.7	3368	10481	24804	7806.2	15403	23511
4554.1	14862	8720	3046	10190	8249.4	6279.6	6571.6	4601.3	4727.5	3391.8	10537	25035	7807.3	15458	23607
4552.9	14827	8797.5	3060.6	10177	8281.7	6340.1	6621.6	4628.5	4837.1	3409.5	10669	24991	7811.8	15409	23562
4605.6	15237	8947.1	3095.5	10378	8478	6452.4	6703.5	4689.1	4775.3	3430.7	10781	25798	7935.7	15740	24340
4611.8	15158	8985.7	3085.6	10320	8421.3	6481.7	6705.3	4697.2	4887.3	3455.3	10889	25718	7920.9	15675	23983
4574.3	15000	8925.9	3068.8	10179	8360.3	6420.6	6611.5	4644	4865.7	3411	10698	25174	7855.4	15423	23545
4562.6	15022	8988.4	3078.7	10229	8434.9	6522	6677.6	4670.3	4697.9	3415.2	10754	25181	7854.3	15487	23705
4495.9	14670	8873.2	3035.8	9957.9	8281.7	6438.2	6557.1	4596.4	4673.4	3382.5	10532	24280	7747.4	15161	22669
4526.1	14751	8914	3047.3	10039	8327.5	6496.9	6617	4649	4691.6	3381.5	10679	24564	7744.1	15102	22949
4630.4	15331	9201.3	3100.7	10250	8527.7	6660.1	6766.8	4740.2	4905	3480	11105	26011	7986	15710	23983
4624.2	15326	9245.5	3107.7	10340	8628.2	6763.1	6859.4	4795.2	4833.9	3470	11111	25851	7932.3	15698	24101
4740.2	15809	9537	3168.5	10534	8722.6	6900.5	6992.3	4864.4	5048.5	3557	11550	27234	8178.1	16385	25136
4737.1	15872	9615.4	3178.2	10602	8831.3	7020.6	7049.1	4882.7	4932	3548.8	11535	27003	8146.3	16394	25257
4576.1	14854	9172.4	3071.3	10032	8434.9	6766.8	6784.7	4741.5	4842.3	3459.1	11026	24829	7831.9	15326	23020
4565.7	14997	9294.2	3082.1	10024	8520.2	6857.5	6813.9	4770.2	4932.7	3480	11029	25010	7861.1	15403	22987
4701	15701	9579	3145.7	10396	8778	7014.8	6970.9	4880.1	4969.9	3532.8	11414	26552	8097	16014	24521
4716.8	15872	9716.9	3164.1	10424	8830	7127.3	7031.4	4914.2	5085.9	3556.5	11575	26889	8127.5	16116	24509
4658.4	15504	9609.6	3136.4	10231	8748.3	7108.4	6970	4873.6	5034.9	3543.9	11418	26031	8032	15899	23814
4644	15343	9590.6	3136	10193	8736.7	7134.3	6995.3	4881.4	5004	3536.6	11442	25679	7987.1	15776	23613
4759.3	15884	9828.9	3183.6	10450	8837.8	7263.5	7106.4	4964.5	5202.6	3591.2	11818	27068	8154.5	16275	24680
4761.2	16076	9983.9	3203.1	10439	8951.1	7376.7	7155.3	4991.9	5204.7	3627.1	11928	27469	8236.3	16452	24841
4777.8	16193	10033	3205.3	10560	9048.7	7428.9	7200.6	5041	5217.3	3630	12013	27759	8284.1	16426	25073
4799	16293	10168	3216.5	10544	9087.9	7574.3	7265.5	5074.3	5270.1	3671.8	12141	28001	8323.9	16590	25060
4723.1	15654	9927.3	3180	10301	8867.9	7439.4	7180.4	5006.7	5163.6	3614.2	11959	26468	8140.4	16104	24208
4749.8	15728	9916.6	3176	10295	8875.8	7464.7	7161.3	5022.1	5211.7	3615.2	11963	26769	8121.6	16085	24089
4721.2	15528	9890.8	3170.7	10253	8853.5	7475.2	7148.3	5006	5058.6	3594.6	11888	26221	8087.7	16014	24001
4711.7	15672	9976.3	3163.7	10179	8908.7	7516.6	7110.4	5005.3	5092	3600	11920	26351	8145.1	15863	23728
4798.4	16196	10301	3238	10463	9160.1	7769.5	7337.4	5116.7	5285	3679.3	12265	27491	8298.6	16544	24829
4821.6	16353	10383	3228.5	10499	9197.2	7853.2	7372.6	5162.9	5338.6	3700.9	12398	28093	8344.5	16493	24835
4798.4	16018	10309	3228.5	10416	9074.4	7827.4	7352.9	5103.6	5263.8	3668.3	12306	26946	8227.9	16391	24686
4781.7	15920	10223	3204	10336	9062.2	7817.4	7325	5131.8	5258.8	3668.3	12280	27039	8217.2	16265	24322
4724.4	15689	10213	3195.1	10157	8977.7	7785.1	7205.6	5035.6	5087.2	3628.6	12025	26005	8158	16042	23676
4815.1	16265	10519	3251.9	10539	9274.7	8050.5	7422.6	5195.6	5214.5	3683.3	12400	27550	8325.1	16429	24773
4855.3	16455	10614	3269.1	10622	9371.4	8149.8	7514.5	5258.8	5291.4	3720	12598	28100	8396.8	16635	25251
4886.6	16723	10735	3285.9	10629	9428	8227.9	7576.4	5275.8	5455.6	3745.9	12779	28340	8428.7	16720	25353
4849.4	16312	10644	3264.1	10501	9287.2	8207.7	7503.8	5220.8	5320.7	3718	12613	27395	8343.3	16580	24866
4859.9	16363	10720	3272.7	10481	9312.3	8261.4	7517.6	5231.3	5432.1	3731.6	12688	27432	8384.6	16593	24835
4897.8	16680	10862	3295	10555	9413.8	8351.8	7565.7	5282.9	5474.7	3769.8	12847	28162	8481.7	16918	25270
4857.3	16458	10735	3265.5	10443	9368.5	8338.4	7575.4	5292.1	5474	3762.2	12855	27910	8416.4	16551	24742
4900.4	16769	10959	3299.5	10609	9528.3	8500.3	7644.5	5345.1	5359.5	3792.4	13024	28480	8531.5	16871	25308
4938	16782	11093	3332.9	10669	9577.5	8677.8	7788.4	5402.9	5567.8	3836.3	13280	28733	8579	17181	25765
5012	17314	11271	3366.2	10862	9734.7	8723.9	7831.9	5457.8	5649.6	3844.6	13455	29938	8690.6	17415	26538
4932.7	16858	11057	3323.8	10610	9532.6	8620.6	7707.8	5380.4	5445.3	3791.9	13125	28543	8541.4	16994	25405
4892.5	16590	11036	3305.9	10484	9515.3	8674	7710	5362.4	5505.1	3793.9	13080	27879	8491.7	16782	24960
4944.6	16687	11093	3321	10554	9525.4	8766.4	7777.3	5435	5547.5	3834.2	13306	28418	8531.5	16981	25296
4984.6	17048	11382	3368	10762	9709.5	8967.1	7906.2	5454.8	5525.1	3851.4	13455	28765	8608	17301	26045
4983.2	17133	11453	3368.5	10710	9803.3	9038	7928.9	5496.2	5630.5	3878	13483	29055	8700.8	17349	25765
4956.6	16888	11309	3345.4	10661	9721.3	9050.1	7915.3	5497.6	5584.3	3872.3	13436	28551	8594.1	17082	25502
4949.9	16884	11253	3330.2	10572	9634.4	8968.4	7882.5	5494.7	5702.5	3848.2	13399	28496	8546.4	16878	25213
5034.3	17256	11522	3377.3	10759	9776.4	9171.1	7998.6	5566.3	5829	3918.6	13797	29574	8729	17481	26119
5029.5	17450	11633	3400.7	10772	9902.9	9252.4	8030.9	5579.1	5779.4	3908	13783	29474	8738	17384	25978
5026.9	17273	11698	3402.1	10784	9840.9	9325	8036.6	5558	5638.9	3911.7	13768	29031	8708.5	17457	25991
4984.6	17239	11683	3382	10703	9902.9	9375.6	7990.6	5580.6	5664.1	3904.3	13597	28910	8722.6	17222	25535
4980.5	16848	11520	3363.4	10602	9752.5	9313.7	8000.9	5570.8	5655.7	3899.6	13662	28278	8618.1	17048	25276
4990.6	16948	11609	3373.2	10590	9737.7	9355.9	7997.5	5549.8	5694.8	3892.7	13654	28108	8618.1	17089	25296
5039	17422	11748	3405.3	10713	9892.3	9473.7	8104.1	5636.6	5698.7	3937.7	13967	29375	8774.1	17405	25732
5070.9	17453	11861	3416.6	10824	10010	9621.3	8198.2	5718	5740.4	3978.3	14112	29921	8818.3	17541	25991
5129.1	18050	12196	3465.7	10962	10248	9877.2	8307	5774	5842.4	4021.5	14363	30672	8985.7	18042	26797
5167.8	18024	12282	3479	11008	10224	9980.9	8396.8	5805.3	5834.5	4049.2	14599	30914	9051.4	18172	27147
5068.8	17499	12063	3437.8	10745	10049	9822.8	8238.6	5704.8	5839.3	3985.3	14201	29325	8865.3	17662	25884
5044.4	17418	11949	3409.1	10667	10022	9809.3	8208.9	5735.8	5867	3984.2	14120	29317	8839.1	17342	25587
5087.9	17555	12159	3445.8	10800	10109	9985.5	8286.5	5750.6	5802.2	4001.4	14219	29259	8854.8	17640	26031
5067.5	17429	12045	3419.9	10641	10053	9933.4	8257.8	5769.3	5905.4	4006.8	14231	29366	8869.3	17492	25431
5222.9	18482	12551	3511.1	11134	10457	10328	8571.5	5961.8	6139.7	4127.9	14977	32071	9186.2	18463	27402
5242.6	18524	12636	3522.2	11179	10508	10439	8652.3	6003.2	6136.3	4140.1	15102	32187	9198.5	18547	27632
5119.4	17921	12339	3459.1	10869	10333	10258	8441	5900.6	5978.8	4060.1	14525	30240	9003.1	17662	26133
5115.3	17680	12327	3470.9	10826	10264	10364	8507.8	5900.6	6000	4071.1	14604	29684	8964.4	17719	25958
5118.7	17816	12375	3482.8	10879	10319	10385	8540.2	5919.8	5977.2	4076.6	14630	30015	8957.7	17791	26072
5139.4	18053	12551	3481.9	10796	10328	10465	8478	5913.4	6107.1	4101.9	14625	30310	9066.3	18005	26052
5178.2	18135	12540	3501.5	10966	10435	10557	8614.3	6000.8	6058.2	4125.1	14900	30699	9085.2	18050	26379
5173.3	18165	12733	3514.5	10924	10476	10772	8707.2	6031.1	6109.6	4161.4	15077	30743	9171.1	18228	26413
5222.9	18371	12735	3522.6	11052	10537	10733	8720	6064.8	6128.8	4159.7	15111	31409	9169.7	18262	26797
5232	18547	12805	3524.1	11024	10629	10831	8727.7	6081.4	6201.1	4167	15181	31381	9245.5	18217	26825
5297.8	19176	13306	3600	11315	10879	11204	8914	6180.9	6247.9	4221.6	15493	32570	9430.9	18955	27857
5336.4	19233	13292	3601.9	11349	10895	11280	8995.1	6223.2	6301.1	4254.1	15713	32909	9450.8	19063	28162
5194.9	18232	12904	3530.8	10903	10587	10962	8732.9	6057.4	6219	4158.6	14975	30301	9190.3	18142	26330
5205.4	18138	12753	3520.2	10924	10491	10971	8758.6	6107.1	6210.5	4172	15122	30389	9145.1	18053	26160
5147.7	17870	12638	3486.7	10752	10385	10862	8646	6041.8	6078.9	4141.8	14865	29583	9073	17719	25399
5227.1	18559	13136	3548.3	11045	10767	11285	8881.1	6195.2	6237.7	4221.1	15249	30987	9283	18209	26531
5299.3	19031	13287	3586.3	11224	10950	11429	8988.4	6271	6396.8	4248.4	15621	32062	9436.6	18636	27483
5302.8	19039	13329	3591.2	11184	10931	11477	9015.1	6273.6	6381.9	4262.7	15654	32014	9426.6	18621	27358
5406.6	19610	13633	3638	11457	11168	11781	9197.2	6407.4	6494.2	4334.2	16193	33660	9628.6	19192	28386
5316.4	19184	13535	3605.9	11220	11047	11783	9108.3	6368.8	6438.2	4311.6	15833	32669	9541.3	18840	27388
5278.6	18574	13182	3567.7	11024	10706	11447	8937.8	6244.5	6429.4	4236.4	15490	30959	9315.1	18398	26635
5215.9	18436	13200	3559.4	10917	10786	11576	8941.8	6243.7	6374.1	4246.1	15257	30336	9267.7	18202	25897
5230.6	18364	13064	3547.3	10875	10721	11466	8928.6	6249.6	6417.1	4240.4	15438	30424	9253.8	17976	25871
5322.8	19099	13446	3608.3	11197	11080	11890	9202.7	6413.5	6494.2	4309.3	15914	31956	9445.1	18528	26975
5333.6	19249	13691	3619.7	11216	11093	11991	9184.8	6413.5	6625.2	4327.8	15827	32158	9554.3	18769	27213
5315	19011	13583	3603.9	11121	11012	11971	9197.2	6413.5	6610.6	4329.6	15809	31690	9503.8	18605	26783
5367.4	19397	13652	3628.1	11218	11088	12019	9259.4	6452.4	6598.8	4350	16110	32431	9589.2	18848	27198
5345.1	18987	13630	3614.7	11072	10989	12035	9217.8	6413.5	6591.5	4346.5	16014	31699	9577.5	18792	26904
5353.7	19168	13741	3624.6	11182	11109	12149	9277.5	6486.2	6561.6	4354	15984	31823	9552.9	18659	27054
5330	18991	13700	3626.1	11114	11120	12196	9287.2	6449.8	6600.6	4352.3	15908	31353	9554.3	18745	26755
5429.9	19784	14004	3665.3	11351	11329	12408	9432.3	6570.7	6615.2	4414.6	16432	33010	9754	19087	27669
5456.3	19900	14067	3685.8	11384	11392	12530	9513.9	6627.1	6842.3	4434.2	16567	33513	9786.9	19307	28131
5511	20357	14456	3735.7	11560	11605	12888	9647.6	6689.6	6775.3	4489.8	16802	34020	9915.1	19913	28717
5517.7	20312	14456	3741.8	11609	11614	13001	9728.8	6747.2	6959.3	4522.4	16988	34386	9947.1	19956	28893
5532.6	20488	14630	3770.3	11696	11779	13166	9818.3	6791.2	6897.6	4537.6	17045	34594	10001	20039	28926
5510.3	20219	14394	3734.2	11605	11658	13080	9794.3	6816.7	7016.7	4553.5	17112	34694	9994.7	19874	28614
5436.5	19531	14165	3695.3	11298	11346	12774	9547.1	6639.9	6753.7	4443.1	16500	32246	9745.1	19213	27322
5421.1	19606	14072	3683.3	11311	11444	12869	9637.4	6720.2	6944.8	4474.2	16648	32639	9740.6	19023	27358
5393.5	19327	13885	3648.9	11164	11285	12673	9453.7	6666.5	6877.5	4442.5	16356	31918	9691.8	18671	26538
5449	19892	14257	3695.8	11392	11561	13040	9684.4	6771.5	6891.9	4492.8	16700	32839	9831.9	19131	27373
5532.6	20299	14678	3765.7	11605	11771	13385	9853	6850.8	6961.2	4555.3	17075	33902	10004	19836	28449
5500.6	20109	14617	3749.9	11477	11654	13436	9862	6858.5	6899.5	4571.8	17129	33399	9988.5	19742	27864
5595.7	20901	15052	3789.8	11752	11983	13758	10015	6997.2	7172.4	4631.6	17464	35300	10205	20201	29169
5629.8	20943	15144	3820.2	11752	11953	13853	10077	6978.7	7060.9	4649	17683	35107	10255	20488	29194
5468.8	19879	14428	3704.4	11324	11569	13290	9716.9	6851.8	6981.6	4540.7	16736	32859	9899.9	19140	26982
5511.7	20070	14459	3744.3	11445	11683	13448	9883.2	6925.5	7072.8	4568.1	17106	33255	9921.2	19278	27454
5444.6	19472	14326	3716	11245	11507	13315	9745.1	6810.1	7007	4523.1	16684	31775	9821.3	19107	26875
5440.9	19750	14383	3711.9	11300	11622	13467	9830.4	6890.9	7086.6	4557.1	16812	32324	9866.6	19055	26911
5571.5	20753	14977	3794.9	11622	11965	13925	10038	7040.3	7193.5	4643.4	17325	34354	10161	19905	28185
5600.2	20601	14920	3804.7	11666	11918	13910	10128	7081.7	7277.8	4653.4	17541	34484	10158	20083	28559
5438.7	19678	14519	3733.2	11253	11650	13659	9901.4	6917.8	7181.4	4598.2	16815	31985	9939.5	19274	26670
5489.5	19831	14646	3748.9	11287	11616	13717	9928.8	6929.3	7175.4	4610.6	17058	32392	10026	19472	27075
5573	20716	15027	3794.9	11576	12029	14165	10174	7115.4	7154.3	4686.6	17464	34030	10204	19969	27804
5582.8	20601	14972	3812.5	11584	11926	14107	10183	7120.4	7298.3	4681.5	17524	33966	10179	19995	27940
5507.3	20074	14765	3771.9	11296	11779	13947	9974.7	7005	7240.1	4644	17055	32431	10067	19518	26975
5523.6	20004	14676	3773.9	11388	11762	13947	10103	7081.7	7173.4	4655.3	17222	32579	10004	19364	26847
5519.9	20162	14838	3778.5	11444	11880	14107	10078	7104.5	7253.3	4646.5	17116	32699	10078	19439	27090
5513.2	20122	14876	3773.4	11406	11880	14183	10102	7127.3	7362.2	4667.1	17106	32530	10100	19393	26833
5651.1	21066	15386	3859.2	11775	12224	14636	10393	7267.6	7329.1	4756.8	17820	34484	10325	20250	28449
5712.6	21607	15569	3891.7	11908	12454	14827	10534	7386.1	7562.5	4793.2	18224	35610	10480	20497	29071
5749.8	21972	15788	3910.1	12029	12596	15114	10691	7471	7594.7	4850.1	18586	36595	10602	20771	29383
5770	22058	15972	3932.4	12021	12617	15309	10698	7483.7	7603.3	4882.1	18601	36790	10671	21113	29583
5670.2	21051	15548	3886.4	11740	12278	14922	10544	7341.5	7534.7	4804.8	18165	34452	10443	20442	28394
5658.7	21094	15499	3847.2	11677	12261	14781	10380	7337.4	7383	4784.3	17776	34191	10426	20118	27925
5665.6	20957	15406	3859.2	11692	12204	14884	10468	7362.2	7620.6	4815.8	18042	34354	10432	20406	28123
5604.7	20697	15300	3844.1	11569	12220	14884	10455	7369.5	7648.8	4797.7	17748	33639	10349	19952	27595
5586.6	20674	15326	3837.8	11560	12180	14859	10341	7320.9	7460.5	4757.4	17415	32789	10275	19636	26953
5718.7	21494	15675	3910.1	11851	12517	15198	10684	7499.6	7748.5	4841.7	18292	34983	10514	20433	28773
5707.1	21218	15604	3882.8	11822	12421	15257	10676	7501.7	7665.1	4869.6	18239	34397	10494	20330	28208
5714.1	21314	15815	3917	11798	12486	15484	10807	7555	7736.4	4909	18555	34916	10622	20697	28402
5764.6	21795	15890	3931.9	11979	12701	15607	10886	7659.7	7893.8	4928.7	18691	36008	10708	20845	28958
5783.3	22007	16018	3940.4	12033	12759	15689	10882	7673.9	7889.2	4926.8	18659	36031	10737	20813	29267
5867	22536	16506	3991.2	12155	12919	16137	11121	7776.2	7963.1	5024.8	19348	37578	11040	21676	30145
5891	22771	16554	4005.2	12210	13031	16215	11145	7817.4	8027.4	5038.3	19336	37782	11027	21785	30127
5759.1	21745	16014	3937.2	11898	12707	15824	10924	7689.2	7797.3	4962.6	18621	35220	10716	20813	28441
5740.4	21587	15981	3924.4	11822	12658	15830	10853	7689.2	7919.8	4967.2	18516	35334	10742	20679	28093
5792.8	21800	15996	3962.8	11949	12681	15767	10941	7721	7887	4949.3	18714	35357	10713	20822	28654
5741.2	21641	15999	3922.8	11843	12712	15833	10869	7721	7910.7	4943.3	18356	34749	10725	20415	28093
5770.8	21577	15875	3946.8	11855	12598	15737	10912	7711.1	7983.7	4949.9	18590	34961	10689	20716	28512
5735.8	21445	15875	3918.1	11777	12634	15866	10903	7752.9	7976.8	4973.2	18493	34905	10727	20429	27849
5806.9	21987	16243	3975.6	11931	12798	16131	11079	7795.1	8070.3	5020.1	18931	35610	10915	21018	28725
5806.9	22212	16309	3966	11963	12952	16363	11112	7899.4	8058.7	5050.5	18879	36150	10940	20892	28575
5749.8	21319	15872	3948.4	11832	12647	16005	10994	7776.2	7881.3	4973.9	18474	33765	10629	20344	27706
5731.9	21309	15966	3939.3	11700	12641	16045	11013	7766.2	8040.1	5016.1	18628	34137	10779	20583	27506
5846.4	22114	16372	3992.8	12101	13006	16541	11273	7952.8	8187.5	5087.9	19119	35657	10936	21056	28725
5852.7	22488	16590	4015.5	12039	13084	16671	11240	7926.6	8154.5	5101.6	19043	35855	11029	21479	28901
6004.1	23590	17106	4087	12528	13547	17273	11700	8231.5	8244.6	5208.2	20131	39000	11331	22248	30663
5986.1	23477	17126	4101.9	12507	13571	17377	11760	8244.6	8454.6	5217.3	20166	38810	11318	22279	30743
5863.8	22473	16622	4019.3	12085	13105	16749	11309	8015.9	8220.8	5115.3	19087	35878	11024	21151	28765
5864.6	22378	16580	4024.7	12041	13123	16769	11326	8029.7	8304.6	5124.9	19144	35680	11059	21362	28757
5886.2	22363	16596	4015.5	12071	13080	16815	11395	8064.5	8193.5	5142.8	19336	35925	11100	21251	28709
5892.6	22594	16628	4035	12135	13280	16964	11486	8134.5	8217.2	5149.1	19377	36043	11054	21156	28686
5797.5	21916	16306	3977.8	11865	12993	16671	11249	8055.2	8248.2	5105	18804	34961	10926	20556	27609
5844.8	22140	16398	4014.4	11947	13049	16622	11285	8029.7	8115.7	5096.8	18883	34716	10947	20757	28001
5805.3	21755	16344	3997.7	11828	12933	16693	11353	8035.5	8250.6	5128.4	19031	34495	10983	20841	27609
5929.5	22955	16974	4069.4	12151	13389	17287	11509	8175.7	8290.2	5198.4	19340	35937	11216	21518	28781
6001.6	23370	17307	4112.4	12408	13614	17669	11812	8330	8505.3	5269.4	20048	37693	11451	22135	29870
6000	23185	17235	4102.4	12360	13554	17776	11812	8344.5	8506.6	5275.8	20030	37087	11408	22048	29861
5995.9	23460	17099	4098	12408	13688	17672	11837	8407.9	8555.2	5273	20052	37654	11364	21711	29558
6019.6	23330	17263	4111.8	12344	13557	17726	11824	8381	8530.2	5295.7	20144	37578	11485	22053	29642
6119.6	24256	17737	4169.8	12688	13908	18326	12115	8586.6	8725.1	5390.6	20827	39761	11714	22933	31050
6114.6	24316	17878	4177	12744	14062	18455	12202	8670.1	8887.6	5405.8	20822	40016	11748	22717	31132
6125.5	24545	17914	4183.8	12688	14037	18509	12171	8623.2	8765.1	5420.4	20822	40289	11769	22911	30869
6105.5	24460	17954	4183.2	12677	14089	18710	12282	8661.2	8906.1	5462.2	20887	39974	11816	23114	30779
5981.3	22738	16974	4085.9	12180	13359	17566	11797	8376.1	8485.5	5291.4	19789	36245	11342	21543	28797
6012.2	23258	17136	4111.8	12294	13614	17769	11878	8474.3	8634.6	5319.2	20065	36864	11429	21631	29120
5983.7	23130	17201	4109.6	12302	13628	17899	11912	8491.7	8577.8	5313.5	19801	36534	11416	21562	29047
5995.1	23130	17112	4112.9	12300	13611	17874	11961	8520.2	8582.8	5346.5	19952	36656	11418	21661	28765
6054.1	23653	17450	4154.1	12492	13829	18150	12077	8589.1	8765.1	5356.6	20171	37387	11520	21951	29701
6030.3	23670	17492	4138.5	12423	13858	18371	12129	8657.4	8921.9	5412.4	20228	37976	11614	22002	29300
6108.8	24196	17791	4183.2	12606	14057	18509	12206	8688	8889	5418.2	20424	38224	11735	22311	30162
6118.8	24178	17776	4196.2	12591	13974	18536	12273	8704.6	8867.9	5449	20592	38435	11733	22744	30188
6088.8	23995	17471	4167.5	12479	13844	18277	12163	8677.8	8762.5	5402.9	20420	37911	11645	22269	29574
6090.5	23774	17545	4183.8	12543	13922	18509	12247	8730.3	8902.1	5431.4	20456	37489	11652	22300	29777
6204.5	24866	18383	4267.8	12827	14295	19303	12638	8896.9	9051.4	5568.5	21474	40116	12073	23471	31059
6202.8	24754	18116	4250.1	12858	14326	19172	12641	8961.7	8996.4	5561.8	21324	39903	11941	23130	31014
6039.3	23545	17273	4150.2	12364	13900	18292	12186	8723.9	8969.7	5427.7	20241	36963	11582	21691	28893
6047.5	23336	17387	4167.5	12404	13853	18590	12226	8749.6	8894.2	5456.3	20228	36389	11590	21987	29023
6028.6	23185	17294	4156.9	12350	13807	18459	12180	8730.3	8822.2	5427.7	20026	35796	11533	21676	28496
6020.4	23319	17408	4164.2	12294	13836	18501	12255	8723.9	8830	5457	20078	36043	11592	21861	28441
6076.4	23676	17633	4181.5	12446	13940	18663	12327	8765.1	8852.2	5462.9	20259	36245	11654	21951	28885
6139.7	24268	18028	4225	12664	14252	19111	12553	8964.4	9059.5	5531.8	20647	38041	11867	22357	29701
6196.1	24841	18209	4273	12770	14412	19266	12696	8995.1	9156	5574.6	21047	38878	11987	22879	30301
6185.1	24779	18213	4247.8	12790	14454	19406	12725	9083.9	9264.9	5598.7	20995	39136	12033	22706	30214
6219	24972	18266	4281	12792	14446	19327	12766	9043.4	9182	5589.6	21165	38986	12021	22927	30538
6192.7	24810	18165	4262.1	12772	14488	19481	12838	9096.1	9226.1	5624.4	21223	38986	12025	22873	30119
6247.1	24972	18273	4287.4	12858	14433	19431	12822	9130	9322.1	5632.1	21309	39565	12095	23235	30663
6220.7	25048	18330	4297.7	12825	14540	19539	12866	9116.4	9212.3	5635.1	21242	39136	12111	23075	30441
6299.4	25639	18824	4330.2	13010	14770	20091	13087	9234.4	9362.9	5718	21815	40462	12373	23797	31316
6330.5	25725	18931	4352.3	13089	14767	20246	13150	9283	9351.6	5742	21941	40448	12366	23954	31316
6225.8	25060	18307	4289.7	12792	14572	19560	12844	9161.5	9488	5653.4	21151	38972	12159	22922	30214
6250.5	24897	18447	4311.6	12875	14588	20004	13075	9266.3	9466.5	5720.3	21553	39136	12222	23213	30275
6213.9	24985	18505	4307.5	12796	14660	20004	13051	9241.3	9545.6	5730.4	21362	38878	12253	23386	29921
6328.8	25444	18648	4337.7	13040	14719	20157	13159	9375.6	9550	5760.7	21815	40159	12335	23642	30878
6231.7	24767	18318	4286.8	12805	14454	19674	12904	9179.3	9336.2	5673.3	21146	38198	12109	22976	29896
6256.5	24941	18315	4305.8	12814	14519	19665	12979	9256.6	9343.2	5691.7	21251	38635	12175	23141	30145
6244.5	24997	18292	4308.7	12842	14620	19789	13044	9292.8	9423.8	5689.4	21242	38489	12129	22857	29990
6226.6	24754	18497	4320.9	12790	14662	20026	13121	9277.5	9587.7	5746.7	21319	38264	12253	23247	29921
6172.4	24280	18020	4246.1	12557	14334	19493	12781	9197.2	9432.3	5681	20766	37413	12091	22420	28861
6175	24491	18028	4260.4	12638	14503	19531	12860	9234.4	9385.5	5667.9	20771	37174	12095	22389	29014
6166.5	24143	18050	4273	12490	14326	19518	12871	9183.4	9365.7	5698.7	20854	36753	12079	22531	28472
6284.8	25270	18788	4347.6	12873	14813	20335	13228	9395.4	9702.1	5805.3	21651	38770	12427	23522	30188
6332.3	25978	18983	4381	13069	15122	20808	13471	9579	9849.9	5878.2	22022	40492	12608	23995	30770
6371.5	26207	19217	4380.4	13109	15136	20789	13415	9584.8	9727.3	5884.6	21987	40873	12675	24001	30978
6368	25745	19023	4391	13121	15049	20822	13533	9587.7	9755.5	5873.4	22114	39804	12553	23878	31005
6327.9	25931	18995	4368.7	12981	15036	20771	13471	9581.9	9846.9	5909.4	22094	40564	12632	24048	30601
6490.7	26889	19594	4462.2	13530	15510	21636	13935	9871.1	10044	6001.6	22938	42183	12844	24729	32246
6477.3	27119	19682	4445.5	13422	15539	21533	13851	9892.3	10124	6011.4	22884	43273	12993	24729	31956
6344.4	26038	19063	4375.7	12975	15116	20854	13469	9627.1	9782.4	5922.2	21982	40346	12673	23931	30249
6320.2	25771	19011	4386.9	12975	15119	20854	13483	9619.8	9749.6	5907	21641	39191	12555	23745	29955
6504.1	27469	19720	4479.6	13467	15566	21587	13982	9915.1	10180	6040.9	23092	43060	13044	25155	32294
6524.7	27580	19720	4484.4	13535	15743	21716	14092	9997.8	10049	6047.5	23230	43454	13033	24860	32294
6327.1	25620	18895	4386.3	13004	15080	20766	13533	9680	9807.8	5899.8	21676	39041	12568	23431	29955
6353.1	26011	19019	4391.6	12968	15156	20878	13549	9690.3	9840.9	5954.5	21906	39874	12727	23838	29861
6513	27329	19793	4510.3	13542	15683	21795	14122	9988.5	10142	6071.4	23031	42324	13035	25079	32043
6549	27242	19905	4496.5	13474	15619	21825	14127	10005	10114	6087.2	23224	42578	13134	25073	32071
6448	26510	19493	4451.5	13313	15412	21401	13876	9839.4	10168	6011.4	22436	40274	12862	24358	31068
6414.4	26351	19369	4450.3	13248	15415	21464	13969	9933.4	10201	6050.8	22663	40682	12919	24322	30761
6407.4	26255	19152	4435.4	13123	15289	20939	13707	9792.8	10007	5976.4	22058	39537	12746	23820	30240
6378.4	26228	19286	4436.6	13155	15354	21251	13739	9839.4	9948.7	5988.6	21951	39551	12798	23943	30197
6580.6	27789	19991	4540.7	13695	15893	22079	14329	10183	10457	6143.9	23403	43437	13223	25450	32659
6577.9	27963	20277	4548.6	13578	15999	22389	14295	10141	10180	6185.1	23358	42947	13334	25607	32100
6397.7	25864	19152	4430.6	13069	15249	21213	13814	9883.2	10188	6050.8	22300	39607	12880	24007	30197
6381.9	26005	19144	4434.2	13121	15289	21113	13681	9863.5	9990.1	5995.9	21805	38945	12766	23699	29904
6325.3	25136	18683	4400.4	12948	15038	20845	13640	9788.3	10010	5989.4	21626	37387	12564	23314	29112
6299.4	25117	18640	4396.3	12858	15063	20729	13607	9786.9	10057	5971.5	21445	37438	12589	23235	28781
6348.8	25607	18765	4400.4	12910	15122	20642	13607	9792.8	9997.8	5977.2	21641	38093	12688	23197	29292
6319.3	25489	18899	4412.8	12893	15187	20962	13705	9833.4	10038	6013.9	21518	37795	12653	23443	28982
6515.7	26996	19814	4510.9	13373	15654	21992	14265	10122	10314	6182.5	23009	41096	13209	24897	31105
6549.9	27315	19733	4515.8	13504	15824	21977	14355	10251	10335	6202	23152	41949	13214	24903	31160
6523.8	27061	19686	4523.7	13469	15794	21992	14394	10255	10634	6219	23169	41610	13191	24922	31114
6549	27528	19797	4508.5	13467	15914	21926	14298	10236	10365	6185.9	23070	41717	13306	24705	31270
6549.9	27191	19819	4527.3	13564	15878	22253	14443	10295	10517	6220.7	23114	41186	13182	24791	31261
6550.8	27439	19827	4532.8	13478	15941	22130	14342	10303	10499	6234.3	23219	41748	13334	24853	31087
6655.5	28686	20488	4594.5	13841	16401	22717	14617	10471	10862	6284.8	23653	43786	13630	25659	32879
6634.4	28622	20610	4595.8	13868	16458	23026	14716	10544	10900	6308	23607	43636	13590	25620	32343
6699.8	28575	20596	4627.9	13898	16347	23097	14922	10590	10851	6374.9	24304	44277	13654	26241	32960
6687.7	28982	20651	4621.7	13984	16590	23224	14991	10651	10954	6354.9	24119	44500	13676	25857	32919
6592.4	28054	20326	4573.6	13645	16196	22781	14668	10475	10814	6330.5	23545	42882	13535	25366	31521
6651.8	28543	20478	4613	13785	16420	22830	14794	10527	10862	6327.9	23705	43012	13585	25561	32246
6715.5	29104	20720	4656.5	13969	16477	23136	15041	10651	10964	6393.3	24346	44604	13766	26379	32899
6707.2	29350	20920	4650.9	13927	16684	23398	14969	10630	10959	6419.7	24084	44039	13831	26434	32869
6532.8	27119	19930	4544.3	13364	15920	22248	14514	10330	10421	6291.7	23009	40433	13366	24928	30275
6498.7	27068	19844	4527.3	13322	15969	22321	14475	10411	10667	6296.8	22771	40535	13329	24545	30240
6623.4	27872	20201	4574.9	13635	16156	22467	14614	10498	10674	6313.2	23224	41902	13488	25086	31068
6563.4	27315	19987	4571.8	13467	15978	22441	14751	10442	10693	6341.8	23325	40977	13478	25098	30743
6471.9	26677	19397	4513.4	13244	15725	21607	14306	10244	10443	6189.3	22181	38502	13031	23768	29541
6616.1	27699	20043	4597	13642	16107	22389	14775	10516	10609	6333.2	23247	40932	13420	25105	31233
6520.2	26783	19518	4523.7	13343	15782	21646	14324	10325	10542	6224.9	22378	39123	13221	24078	30041
6495.1	26461	19377	4524.9	13283	15698	21731	14462	10364	10651	6289.1	22562	39068	13166	24268	29541
6599.7	27766	20048	4603.8	13576	16159	22326	14759	10501	10778	6331.4	23152	40726	13455	24910	30779
6585.2	27307	20061	4600.1	13538	16079	22637	14909	10554	10820	6389	23398	40448	13497	25073	30779
6740.7	29300	21066	4678.4	14047	16851	23722	15340	10896	11080	6522.9	24202	43988	13967	26214	32471
6755.6	29558	21023	4675.3	14082	16948	23734	15366	10945	11164	6538.2	24406	44483	14057	26214	32589
6679.4	28231	20492	4644	13739	16334	22911	15041	10659	10893	6441.8	23774	41871	13744	25620	31316
6652.7	27602	20184	4616.7	13734	16265	22776	15030	10698	11015	6446.2	23533	40858	13557	25206	30968
6615.2	27587	20009	4599.5	13585	16110	22515	14857	10614	10922	6421.5	23274	40550	13557	25168	30618
6658.2	27781	20188	4622.3	13676	16193	22610	14953	10671	10865	6431.2	23471	40755	13604	25321	30941
6616.1	27617	20131	4620.5	13621	16218	22776	15052	10693	10957	6451.5	23499	40784	13635	25111	30521
6649	27857	20140	4624.8	13732	16379	22873	15061	10727	10940	6458.6	23358	40390	13607	25105	30654
6666.5	28285	20438	4632.9	13722	16490	22787	14942	10721	11024	6442.7	23319	41081	13761	25232	31114
6666.5	27902	20375	4644	13681	16337	22938	15147	10754	11184	6520.2	23693	41081	13749	25535	30851
6568.8	26911	19836	4594.5	13394	15969	22161	14770	10512	10908	6386.3	22803	38675	13441	24600	29743
6566.1	26953	19674	4588.4	13427	16011	22120	14840	10614	10844	6419.7	22862	39081	13392	24485	29433
6639	28062	20433	4668.4	13710	16544	23119	15243	10798	11024	6529.2	23516	40726	13761	25522	30690
6693.3	28638	20606	4664	13858	16697	23130	15201	10870	11061	6520.2	23607	41337	13846	25496	31261
6670.2	28316	20519	4657.8	13766	16622	23197	15252	10910	11265	6561.6	23567	41443	13824	25386	30860
6711.8	28670	20542	4696.6	13868	16713	23048	15323	10881	11260	6524.7	23716	41488	13819	25515	31178
6860.4	30058	21538	4772.1	14329	17280	24479	15908	11200	11423	6710	25041	44397	14378	27111	33173
6751.9	28701	20827	4710.5	13992	16684	23358	15435	10935	11355	6587	24078	41519	13940	26018	31615
6798.8	29692	20967	4726.3	14102	16924	23613	15589	11102	11264	6653.6	24594	43736	14224	26614	32236
6761.2	29047	20711	4720.6	13994	16726	23258	15481	11012	11324	6605.2	24232	42466	14017	26133	31596
6786.5	29292	21089	4736.4	14072	17005	23722	15607	11045	11470	6648.1	24364	42403	14186	26330	31718
6833.8	29616	21358	4756.1	14214	17174	24208	15824	11179	11338	6713.7	24656	43044	14283	26628	32275
6784.7	29267	21033	4739	14077	16971	23896	15740	11150	11267	6686.8	24570	42737	14191	26310	31568
6848.9	30015	21290	4747.2	14211	17228	23780	15648	11193	11481	6688.7	24358	43603	14355	26503	32187
6922.6	30609	21805	4814.5	14433	17499	24656	16193	11379	11575	6819.5	25450	45378	14601	27580	33000
6904.3	30441	21518	4803.5	14519	17492	24686	16178	11444	11552	6800.7	25244	44639	14412	27155	33030
6745.3	29153	21009	4726.9	14007	17025	23826	15636	11112	11561	6701.6	23937	41995	14125	26330	31151
6828.1	29483	21242	4761.2	14203	17068	23902	15776	11170	11485	6721.1	24460	42387	14234	26503	31880
6733.2	28606	20670	4712.4	13903	16795	23443	15648	11095	11392	6679.4	24172	41322	14102	25897	30725
6761.2	29251	21075	4740.9	14032	17123	23913	15731	11198	11274	6736.9	24089	42042	14188	26262	31151
6778.1	28926	20892	4735.8	14014	16798	23505	15619	11086	11405	6697.9	24054	41306	14092	26160	31078
6795	29031	20962	4751.7	14034	17008	23682	15827	11198	11285	6743.5	24442	42167	14265	26372	31078
6726.7	28638	20592	4717.4	13831	16742	23108	15418	11026	11318	6662.8	23625	40579	14034	25672	30468
6822.4	29558	21113	4744.7	14097	17119	23528	15630	11211	11592	6726.7	24036	42340	14319	26119	31381
6714.6	28193	20615	4718.7	13773	16596	23070	15504	10990	11381	6673.9	23734	40002	14027	25653	30153
6777.1	28829	20642	4728.8	13999	16851	23297	15654	11204	11395	6726.7	24066	41231	14125	25944	30788
6725.7	28662	20583	4707.3	13913	16854	22976	15426	11080	11305	6650	23448	40245	14072	25328	30459
6741.6	28877	20679	4726.3	13999	16984	23252	15610	11166	11533	6692.4	23711	40667	14145	25444	30556
6687.7	28347	20397	4687.8	13703	16661	22879	15351	11031	11313	6690.5	23392	40245	14002	25353	29701
6721.1	28100	20281	4707.9	13849	16628	22868	15619	11134	11238	6721.1	23786	40303	13957	25431	30093
6848.9	29549	21113	4782.3	14231	17204	23838	16060	11403	11675	6856.5	24668	42514	14391	26586	31372
6790.3	29120	20748	4745.9	14089	17116	23454	15932	11305	11475	6759.3	24119	41126	14112	25646	30654
6913	30968	21881	4843	14569	17805	24754	16328	11592	11754	6909.1	24966	44329	14754	27300	32520
6929.3	30941	21906	4839.1	14498	17733	24767	16360	11626	11812	6960.3	25213	44778	14783	27285	32217
6914.9	30512	21636	4841	14493	17644	24352	16297	11535	11933	6890.9	25029	43421	14614	26989	32520
6897.6	30179	21597	4841.7	14448	17562	24570	16464	11592	11922	6942.8	25174	43322	14636	27025	31937
6868	29734	21362	4815.1	14272	17387	24125	16309	11499	11670	6914.9	24891	42850	14585	26825	31270
6879.4	30231	21460	4822.9	14334	17520	24340	16290	11544	11802	6937.1	24829	43305	14604	26932	31474
6820.5	29658	21290	4796.5	14178	17408	24143	16153	11451	11706	6914.9	24418	41856	14501	26579	30896
6892.8	30223	21503	4816.4	14339	17517	24019	16110	11501	11639	6899.5	24491	42593	14622	26614	31775
6785.6	28845	20506	4751.7	13987	16901	23026	15812	11307	11721	6798.8	23948	40433	14170	25548	30127
6807.3	29136	20743	4784.3	14102	17126	23197	15887	11338	11436	6787.5	23902	40623	14224	25666	30477
6774.3	28488	20693	4762.5	13974	16931	23202	15854	11245	11427	6799.7	23838	39733	14191	25718	30093
6781.8	28918	20896	4768.9	13937	17048	23415	15890	11291	11410	6871.8	23954	40245	14370	26018	30076
6922.6	30179	21450	4850.7	14446	17541	24220	16474	11662	11884	7015.8	25086	43060	14660	27126	31558
6911.1	30188	21295	4839.7	14451	17562	24107	16458	11673	12013	6985.5	24922	42898	14599	26762	31474
6969	30878	21906	4885.3	14569	17859	24785	16795	11771	11869	7072.8	25587	44141	14928	27617	32004
6970	31197	21681	4873.6	14641	18013	24613	16749	11808	12045	7037.3	25399	44005	14797	27082	32091
6972.9	31187	22053	4903	14588	17929	24835	16622	11764	12222	7077.7	25251	43904	14939	27639	32043
6965.1	31344	22186	4899.8	14711	18068	25041	16674	11822	12169	7072.8	25130	43938	14961	27476	32217
7082.7	32353	22504	4975.2	14950	18379	25321	17123	11981	12431	7146.3	26126	45793	15175	28324	33348
7028.5	31390	22207	4933.4	14756	18101	25187	17065	11949	12224	7160.3	25984	44900	15116	28016	32392
7106.4	32412	22846	4993.9	15033	18513	25837	17373	12049	12333	7228.9	26496	46030	15343	28974	33733
7098.5	32500	22478	4970.5	14991	18444	25437	17294	12087	12249	7210.7	26552	46344	15252	28480	33503
6871.8	30041	21324	4836.5	14389	17640	23960	16394	11624	11908	6984.5	24430	41488	14646	26358	30968
6925.5	30433	21602	4874.9	14477	17780	24346	16564	11714	11926	7065.9	24711	42277	14759	27155	31390
6946.7	30699	21736	4883.4	14459	17744	24424	16577	11733	12117	7100.5	24941	42931	14843	27198	31474
6933.2	30618	21785	4886	14572	17852	24588	16654	11787	12015	7073.8	24723	42387	14824	27025	31243
6983.6	31023	21592	4897.8	14588	17798	24178	16684	11812	11959	7080.7	25092	43093	14859	27351	31728
6957.4	30914	21871	4902.4	14535	17885	24552	16690	11806	11945	7133.3	25016	42979	14950	27424	31400
6857.5	29169	20929	4840.4	14288	17366	23814	16432	11630	11951	7030.4	24232	39874	14448	26228	30153
6899.5	29408	21018	4842.3	14314	17287	23567	16410	11643	12151	7034.4	24412	40462	14554	26420	30494
6901.5	29717	21180	4831.9	14316	17446	23511	16300	11630	12107	7024.6	24160	40858	14625	26269	30406
6919.7	29667	21280	4869	14402	17418	23791	16503	11630	11916	7059	24533	40564	14601	26579	30725
7101.5	32004	22186	4951.9	14928	18356	24922	17146	12119	12404	7251.2	26072	45076	15249	27948	32719
7095.5	31985	22212	4963.2	14909	18356	24916	17191	12097	12280	7256.3	26079	44795	15260	28039	32829
7076.7	31418	22259	4967.9	14865	18217	25155	17304	12093	12317	7293.1	26112	44175	15220	28162	32550
7061.9	32033	22420	4981.9	14868	18375	25200	17208	12033	12226	7280.8	25771	43921	15271	28379	32540
6910.1	29768	21314	4872.9	14420	17623	23983	16635	11725	12198	7100.5	24485	40318	14695	26503	30565
6903.4	29692	21213	4869	14386	17605	23948	16658	11752	11959	7119.4	24509	40404	14719	26468	30468
7108.4	32071	22425	5003.3	15030	18421	25155	17349	12161	12515	7312.6	25931	44483	15277	28465	32589
7101.5	31899	22311	4980.5	15000	18390	25155	17391	12222	12325	7364.3	26146	44830	15334	28394	32441
7019.7	31005	21760	4938	14830	18146	24760	17112	12061	12337	7255.3	25296	42530	15019	27424	31643
7034.4	31353	22043	4944	14727	18168	24748	17062	12047	12302	7304.4	25476	43719	15192	27834	31502
7230.9	34289	23494	5067.5	15397	19192	26468	17849	12515	12668	7520.8	27082	48331	15941	29827	33998
7099.5	32178	22352	4993.3	15002	18486	24966	17332	12167	12475	7327.1	25891	44346	15351	28200	32461
7020.6	31381	22073	4952.6	14802	18315	24985	17174	12188	12395	7324	25373	43520	15181	27580	31558
7039.3	31087	21982	4955.2	14909	18258	24953	17242	12163	12257	7329.1	25548	42641	15150	27662	31643
7136.3	32062	22488	5001.3	15139	18543	25386	17562	12313	12454	7420.6	26303	44726	15412	28402	32599
7139.3	32236	22541	5028.2	15139	18478	25347	17545	12267	12589	7410.1	26310	44483	15429	28662	32719
7236	33871	23263	5084.5	15534	19237	26269	18016	12576	12882	7498.5	27075	46983	15809	29375	34191
7288	33849	23241	5092	15613	19196	26303	18153	12714	13123	7593.6	27506	48251	15893	29904	34191
7042.2	31335	22028	4955.2	14816	18269	24841	17239	12169	12587	7375.7	25554	43503	15269	27872	31400
7049.1	31681	22228	4977.9	14813	18315	24891	17215	12157	12329	7392.3	25541	43355	15309	27948	31512
7067.8	31353	22274	4985.2	14922	18360	25092	17391	12188	12273	7389.2	25626	42419	15286	27864	31699
7084.6	31766	22155	4991.2	15033	18516	24922	17412	12284	12538	7374.7	25679	43207	15237	27759	31966
