17524	56150	39818	14407	43044	41610	32081	41022	28591	28901	24226	43636	59227	26538	51227	35518
17598	59696	42230	14583	44294	43820	33472	41625	28813	29309	24430	43820	59844	27278	52997	36317
17852	60143	41902	14751	45023	43470	33030	42482	28893	29583	24466	44988	60839	27169	54110	37137
17318	57279	40947	14391	42450	42705	32619	40696	28062	28869	24160	42657	58111	26755	52225	35403
17270	57033	40711	14383	42578	42089	32158	40245	27751	28016	23699	42498	57142	26628	51005	35495
17555	58937	40521	14477	43786	42979	32236	41733	28394	29128	24013	44073	59314	26896	51835	36008
17335	58195	40711	14306	42689	42593	32197	40711	28131	28116	24025	43404	59227	27075	51160	35426
18072	65285	44483	14840	46624	46362	34561	44141	29684	29383	25289	47483	66528	28622	57443	38198
17637	61178	42011	14485	43619	43603	32659	41473	28039	28998	24304	44761	61676	27609	54432	36437
17845	60656	41902	14612	44883	43553	32749	42609	28527	29014	24460	45829	61645	27432	54858	36938
17798	62151	41949	14604	45218	45006	32769	43125	28606	28789	24184	46049	61865	27520	53669	37099
17270	56763	39804	14242	41933	41337	30806	39804	26875	27454	23108	42737	56521	26399	50349	35334
17280	56548	39412	14211	42151	41427	30779	40217	27119	27155	23136	43470	57443	26358	50198	35449
17377	58280	40274	14280	42769	42198	31289	40755	27300	27842	23431	43904	58139	26656	51204	35633
17321	57943	40303	14298	42898	42609	31418	41276	27256	27699	23274	43887	57554	26454	50960	35668
18057	64084	43636	14819	46718	45254	33061	43736	28386	28910	24304	46850	63120	27955	57142	38356
17885	63483	43603	14695	46233	45023	32889	42818	28162	28085	23954	45902	62794	27887	55757	37795
17812	62535	42995	14511	44936	44141	32043	41733	27557	28162	23762	45006	61302	27774	54757	37451
17744	61333	42245	14662	45254	43719	31956	42657	27535	28270	23659	45775	60233	27315	55087	37641
17225	56071	39747	14219	42136	40594	30485	40102	26310	26691	22955	43586	56176	26441	51699	35680
17252	57859	40159	14290	42689	41856	30397	40318	26365	26607	22685	43371	56709	26482	51027	36126
17042	56388	39150	14052	41367	40217	29819	39123	25951	26434	22467	42498	55549	26194	50457	34950
16971	56044	39789	14122	40947	40667	30110	39054	25626	25891	22610	42120	54707	26337	51115	34793
17584	59696	41964	14475	44587	43125	31832	42562	27068	27061	23613	46012	59198	27249	54632	36950
17517	61271	42042	14404	44918	44226	31615	42073	27054	27432	23235	45076	59373	27176	53791	37025
17687	60444	42482	14546	45200	43454	31823	42689	26953	27955	23308	45902	59431	27278	54707	37476
17531	61834	42450	14412	44107	43404	31409	41595	26776	26804	23353	45254	60870	27483	54732	37025
17694	62214	42898	14588	45361	44346	32052	43753	27271	27278	23642	47367	61333	27940	56203	37629
17584	62826	42818	14428	45165	44518	31861	42609	27263	27227	23448	46104	61960	27781	54732	37237
16968	56335	39663	14087	41291	40594	29625	39123	25270	25751	22186	42293	54557	26269	50916	35254
17820	65390	43174	14622	46418	45486	31502	43338	27018	27126	23169	47059	62342	27925	56097	38356
17708	62761	42818	14482	46233	45094	31577	41810	27220	27417	23286	46812	62471	27842	55266	37899
16884	42578	38237	13920	40318	40535	28223	25891	25092	25765	21745	42277	54682	25580	49352	35152
14012	15215	32520	13633	27804	38810	25884	10574	24286	24539	21750	41980	52550	22478	49540	35096
11874	10401	29031	12849	19535	34256	24916	7229.9	24491	23919	22425	44311	46793	20237	50327	35130
8346.9	6242	21666	9859	9733.2	15320	19712	4275.3	23197	22803	21921	43803	26635	14898	34062	31502
7516.6	5421.1	19518	8734.1	7633.6	10686	17647	3733.2	23488	23064	22452	47078	23130	12671	26228	29441
6332.3	4579.8	15000	6896.7	5530.4	6463.9	13366	3052.9	21538	21266	20729	46325	16541	8122.8	14391	23978
5871	4276.4	13177	6184.2	4909.6	5327.1	11360	2776.1	19356	19678	19319	43028	14054	6596.1	11271	21314
5376.8	4029.1	10980	5187.9	4343	4326.7	8928.6	2594.6	16410	16262	17177	40844	11318	4756.8	8018.2	18605
5189.3	3973.5	10135	4765.1	4180.4	4071.6	8127.5	2604.5	14922	14687	16541	41810	10319	4263.2	7190.5	17838
4876.8	3921.8	8783.2	4156.9	3979.4	3748.9	6765	2444.2	11569	11431	14283	39109	8973.7	3856.6	6326.2	16805
4729.4	3891.7	8147.4	3895.9	3876.5	3627.6	6219.8	2361.9	10135	10116	13189	37149	8420.1	3725.6	6006.5	16060
4560.8	3880.7	7225.9	3551.2	3744.8	3514.5	5439.4	2277.2	7941.4	7963.1	11360	34321	7623.9	3616.7	5735	15374
4476.6	3901.2	6830	3404.4	3701.4	3446.3	5070.2	2256.5	7155.3	7202.6	10498	32909	7325	3580.9	5647.3	14994
4340	3914.9	6182.5	3204	3647.9	3400.7	4523.7	2169.6	5977.2	6161.5	9019.2	30197	6888	3571.6	5476.9	14551
4351.1	3969.7	5967.4	3153.6	3665.8	3413.3	4331.3	2157.9	5595.7	5642	8404.2	29870	6785.6	3623.1	5511.7	14676
4239.3	4028	5479.1	3004.4	3577.9	3383.4	3985.8	2080	5005.3	5020.1	7104.5	26248	6496.9	3659.3	5419	14180
4161.4	3987.4	5189.3	2927.7	3564.3	3338	3814	2025.1	4733.2	4687.2	6534.6	24503	6310.6	3614.7	5317.1	13885
4067.8	4032.3	4846.2	2831.5	3528	3332.9	3597.5	1971.4	4436.6	4449.1	5628.2	21641	6094.6	3644.4	5231.3	13662
3984.8	4002	4644	2759	3456.2	3286.8	3474.3	1929.8	4263.2	4289.7	5183.1	19879	5963.4	3635.5	5138	13269
3952.6	4065.6	4421.1	2696.1	3433	3286.8	3348.1	1927.3	4087	4041	4523.1	17726	5877.4	3693.3	5113.2	13184
3940.9	4142.9	4367.5	2706.3	3451.9	3334.8	3342.2	1941.7	4070	4003.1	4290.2	17075	5897.4	3767.8	5165	13310
3883.3	4144	4130.1	2642.7	3438.2	3309.1	3249.7	1935.7	3944.1	3914.4	3908.6	15444	5859.1	3819.7	5190.7	13218
3812	4089.7	3959	2578	3394.6	3272.2	3147.8	1871.4	3798.5	3877	3685.8	14183	5719.5	3783.6	5117.4	12864
3758.1	4119.6	3794.9	2546.4	3411	3253.3	3096.8	1876.6	3722.5	3704.9	3406.3	12910	5702.5	3824.9	5121.5	12746
3801.1	4197.9	3759.1	2557.7	3482.8	3325.1	3132.1	1904.5	3738.2	3830.6	3396	12829	5795.1	3909.1	5236.9	13046
3759.1	4249.5	3624.1	2522.9	3491.4	3321.9	3081.3	1907	3684.8	3632	3203.5	11737	5848.8	3954.8	5227.1	12908
3716	4231.3	3518.8	2475.3	3476.6	3304.1	3027.7	1866.5	3590.2	3711.4	3118.5	11082	5777.9	3947.3	5225	12774
3687.8	4259.2	3411.4	2458.1	3493.4	3302.3	2983.7	1881.3	3545.8	3478.1	2971.1	10322	5831.3	3999.8	5185.1	12827
3674.3	4263.2	3347.2	2451.1	3536.2	3319.2	2977.8	1881.6	3537.6	3571.6	2934.8	9906	5849.6	4044.8	5250.3	12766
3659.3	4313.3	3247	2418.1	3572.1	3323.8	2935.2	1869.6	3479	3596.5	2854.6	9290	5892.6	4104.1	5265.9	12816
3653.8	4359.9	3242.5	2443.1	3617.2	3356.9	2981.2	1909.5	3507.3	3523.1	2859.5	9153.3	5980.4	4162.5	5339.3	12957
3645.9	4437.8	3155.8	2405.9	3648.9	3369.9	2943.1	1908.2	3477.6	3428.8	2801.3	8705.9	6084.7	4217.1	5344.4	12990
3608.3	4411.1	3087.7	2393.6	3669.3	3350.9	2929.8	1901.1	3448.2	3452.4	2759.8	8320.3	6036	4217.7	5324.3	12891
3576.5	4452.1	3006	2341.7	3651.9	3349.1	2896.7	1883.4	3367.1	3359.7	2723.5	7878	6056.6	4246.7	5340	12836
3506.8	4434.8	2952.7	2323	3658.3	3323.8	2854.6	1868.9	3328.8	3248.3	2647	7515.5	6043.4	4228.5	5256.7	12589
3523.6	4490.4	2901.3	2307.2	3710.4	3332	2842.4	1884.1	3308.6	3224.1	2638.9	7275.7	6148.9	4302.3	5328.6	12740
3493.8	4495.3	2840.8	2277.6	3710.4	3342.6	2814.6	1856.7	3260.5	3300.9	2612.5	7001.1	6096.3	4303.5	5326.4	12574
3474.3	4523.7	2792.1	2266.9	3770.3	3361.6	2819.8	1880.3	3268.6	3234.8	2594.2	6745.3	6191.8	4335.4	5327.1	12733
3498.1	4565.1	2776.9	2279.7	3828.5	3384.3	2814.6	1887.5	3268.6	3342.2	2603.7	6654.6	6278.8	4408.1	5427.7	12774
3465.2	4617.4	2737.7	2268.2	3902.8	3397.4	2823.8	1905.7	3251.9	3316	2581.8	6413.5	6330.5	4435.4	5449	12899
3460.5	4644.7	2721.2	2262	3945.2	3413.3	2812.6	1904.5	3248.8	3378.3	2579.1	6272.8	6398.6	4480.2	5483.6	12794
3469.5	4721.2	2683.3	2255.5	4016	3425	2787.3	1904.2	3227.2	3355.5	2546	6069	6485.3	4521.2	5528.1	12933
3382.5	4652.8	2645.8	2220.1	3965.4	3358.3	2754.7	1891.2	3169.9	3121.2	2502.5	5870.2	6444.4	4471.8	5421.9	12562
3386.2	4703.5	2606.8	2206.2	4055.2	3395	2752.3	1900.2	3144.8	3092.9	2493.7	5721.8	6472.8	4476	5461.5	12753
3412.4	4739.6	2610.2	2235.5	4131.2	3406.7	2753.1	1922.3	3185.3	3216.9	2501	5688.7	6618.8	4585.9	5546.8	12891
3388	4808	2557.3	2197.7	4200.7	3459.1	2752.7	1929.8	3172.1	3301.3	2494.8	5512.5	6651.8	4590.8	5547.5	12873
3346.8	4799	2559.5	2191.6	4178.2	3411.9	2744	1922.3	3115.5	3070.9	2475.6	5400.7	6633.5	4567.5	5543.8	12801
3343.5	4833.2	2518.8	2178.1	4270.1	3451.5	2738.9	1923.2	3115.1	3257.3	2476	5246.8	6686.8	4606.2	5605.5	12805
3333.9	4809.3	2486.3	2172	4316.2	3434.5	2718	1926	3117.2	3301.3	2458.1	5181	6705.3	4605.6	5562.5	12729
3295.4	4859.9	2476.4	2168	4358.7	3435.9	2714.9	1950.5	3093.8	3032	2442.8	5085.9	6796.9	4611.2	5580.6	12755
3413.3	5047.8	2517.7	2219.8	4563.9	3552.1	2777.7	1996.5	3179.1	3295.4	2504	5178.9	7050.1	4769.5	5792	13471
3375	5051.2	2476.7	2190.6	4605.6	3545.4	2755.5	1982.5	3152.7	3284	2485.9	5020.1	7082.7	4793.2	5776.3	13315
3375.9	5084.5	2477.5	2195.3	4633.5	3537.1	2745.6	1987.3	3129	3271.8	2486.7	4985.9	7126.3	4796.5	5836.1	13306
3353.7	5119.4	2464.6	2184.1	4706.7	3543.9	2759	2016.7	3125.5	3059.3	2484.4	4934.7	7189.5	4779.8	5830.6	13382
3303.6	5036.3	2410.5	2157.2	4704.8	3491.4	2688.7	1980.6	3073.1	3122.5	2410.2	4751	7057	4726.9	5711	13040
3329.7	5174	2421.7	2147.2	4807.4	3547.8	2712.2	1996.5	3074.8	3152.7	2447.8	4732	7209.7	4801.6	5834.5	13237
3304.1	5174.7	2410.2	2140.8	4849.4	3550.7	2721.2	2010.6	3063.2	3077.8	2432.6	4688.4	7202.6	4775.3	5805.3	13274
3288.6	5203.3	2406.2	2151.9	4928.7	3541.5	2705.9	2018.7	3063.2	3017.5	2418.1	4614.9	7318.8	4815.1	5847.2	13175
3270.4	5165.7	2363.3	2122.9	4951.3	3534.2	2700.4	2012.9	3037.5	3096	2422.5	4554.1	7209.7	4752.9	5839.3	13107
3259.6	5217.3	2361.9	2115.9	5040.4	3547.8	2698.5	2031.2	3030.2	2952.3	2415.2	4512.8	7317.8	4773.4	5856.7	13168
3294	5297.8	2388.3	2155.2	5165.7	3598	2713.3	2054.2	3066.2	3137.8	2422.5	4496.5	7478.4	4887.3	5964.2	13401
3298.1	5345.1	2386.8	2152.2	5235.5	3596.5	2707.5	2066.6	3056.3	3117.7	2419.6	4465.8	7561.4	4921.5	6015.5	13413
3311.4	5405.1	2377.9	2152.9	5330	3643.4	2717.2	2074.5	3078.2	3182.2	2423.9	4447.9	7653.2	4929.4	6035.2	13607
3296.8	5419	2380.8	2149.5	5389.9	3620.2	2718	2108	3074.4	3081.3	2433.3	4439.6	7737.5	4952.6	6078.9	13540
3260.9	5429.2	2354.1	2116.6	5350.8	3591.6	2691.5	2081	3010.7	3001	2403.7	4365.2	7654.3	4867.7	6035.2	13366
3260.5	5462.9	2339.9	2104.7	5472.5	3646.9	2701.6	2087.2	3028.1	3117.7	2408.7	4298.9	7710	4902.4	6042.6	13429
3303.2	5563.3	2382.2	2140.5	5570	3687.3	2737.3	2126.5	3044.8	3118.5	2447.1	4358.7	7874.6	4993.9	6218.1	13719
3295.4	5589.6	2365.1	2135.2	5694.8	3704.9	2735.3	2140.5	3064.5	3185.3	2435.9	4311.6	7951.7	5014.1	6218.1	13717
3284	5595.7	2359	2130.5	5709.5	3693.3	2723.5	2132.2	3032	3140.8	2421.4	4263.8	7917.5	4967.2	6223.2	13717
3258.2	5658	2366.1	2114.9	5770.8	3715.5	2736.1	2150.2	3035.8	3017.5	2426.8	4242.1	8030.9	4980.5	6208.8	13724
3237.1	5626	2358.3	2113.3	5747.4	3668.8	2707.1	2142.5	2993.8	2949.3	2402.3	4203.5	8039	4953.9	6208.8	13538
3248.8	5665.6	2346.3	2108.6	5856.7	3703.4	2708.2	2155.2	3008.6	3109.8	2413.8	4175.4	8100.6	4990.6	6280.5	13595
3302.7	5788.8	2380.4	2148.9	6030.3	3765.7	2731.8	2193.6	3048.2	3191.1	2419.6	4211.4	8269.7	5058	6365.3	14024
3290.9	5823.4	2387.6	2134.2	6087.2	3770.8	2764.2	2228.3	3050.3	3046	2431.9	4224.5	8330	5026.2	6377.6	14097
3291.8	5859.1	2375.4	2129.9	6123.8	3768.3	2734.1	2209.2	3040.9	3162.4	2428.6	4185.5	8392	5070.2	6417.9	13974
3266.4	5863.1	2387.9	2141.2	6179.2	3772.4	2746	2243.4	3049.5	3073.1	2424.6	4182.7	8481.7	5089.3	6438.2	13974
3285.9	5927.9	2381.5	2121.9	6221.5	3790.3	2735.3	2217.4	3016.2	3093.8	2417.4	4142.4	8474.3	5067.5	6482.6	14034
3265.9	5934.3	2392.6	2130.5	6316.7	3802.7	2742	2259.9	3043.5	2998	2403.7	4132.3	8614.3	5062	6436.5	14054
3275.4	5982.1	2381.1	2117.9	6352.3	3817.1	2724.3	2229	3016.6	3160.6	2392.6	4077.1	8559	5085.9	6463.1	14027
3292.2	6052.5	2395.1	2128.2	6453.3	3841.5	2728.6	2258.9	3032.4	3162.4	2403	4095.8	8713.6	5108.4	6532.8	14145
3294.5	6094.6	2427.2	2137.8	6499.6	3845.6	2758.2	2289.4	3046.5	2987.5	2418.1	4131.2	8883.7	5142.2	6582.4	14285
3298.6	6120.5	2429.3	2142.2	6605.2	3887	2776.9	2303.7	3043	3166.3	2428.2	4104.6	8865.3	5147.7	6671.1	14357
3310	6213.9	2432.6	2129.9	6627.1	3925	2783.7	2312.1	3060.2	3163.7	2447.1	4130.7	9008.4	5192.1	6685	14456
3319.2	6299.4	2453.3	2137.8	6695.1	3930.8	2788.9	2332.8	3050.3	3031.1	2435.5	4150.7	9151.9	5187.2	6729.5	14620
3256.4	6149.7	2429.3	2128.5	6617	3860.8	2752.3	2318.8	3017.1	2996.8	2392.2	4070.5	8979	5122.2	6636.2	14163
3275.4	6194.4	2424.6	2119.2	6723.9	3881.2	2745.6	2325.8	3038.3	3127.7	2414.9	4069.4	9086.6	5137.3	6715.5	14242
3345.8	6445.3	2502.1	2170.7	6929.3	4010.6	2829.9	2382.2	3098.6	3226.3	2477.5	4164.2	9493.8	5319.2	6961.2	14879
3324.7	6439.1	2491.8	2152.9	6928.4	3988.5	2819	2398.3	3082.6	3041.8	2452.9	4165.3	9511	5234.8	6867	14811
3321.9	6412.7	2480.8	2143.5	6939	3979.4	2796.9	2372.2	3049	3174.7	2433.7	4103	9360.1	5200.5	6885.2	14692
3306.8	6425.9	2484.4	2140.5	6963.2	3977.8	2788.1	2385.4	3070.5	3166.8	2433.7	4092	9511	5237.6	6894.7	14540
3346.8	6594.2	2549.8	2191.2	7139.3	4067.8	2866.8	2458.8	3133.8	3126	2485.9	4188.9	9813.8	5347.9	7068.8	15072
3333.9	6574.3	2532.6	2159.9	7087.6	4054.1	2840.8	2438	3078.7	3191.5	2473.4	4159.1	9703.6	5308.5	7079.7	14873
3280.9	6466.6	2481.5	2114.9	6982.6	4011.2	2791.3	2395.8	3033.2	3121.6	2421	4079.8	9509.6	5179.6	6863.2	14456
3319.2	6597	2558	2163.3	7126.3	4039.9	2833.5	2453.7	3062.3	3026.4	2439.8	4143.5	9789.8	5268	7042.2	14851
3310	6617	2557.7	2156.9	7169.4	4060.1	2851.8	2465.4	3082.1	3048.2	2444.6	4133.5	9813.8	5258.1	7034.4	14835
3330.6	6735.1	2567	2150.5	7241.1	4117.4	2853.8	2467.9	3075.7	3127.3	2450	4141.8	9909	5281.5	7090.6	15041
3274.1	6608.8	2553.9	2138.5	7133.3	4043.2	2822.6	2462.8	3057.6	3036.6	2418.8	4099.7	9818.3	5229.9	7010.9	14596
3330.6	6756.5	2588.6	2158.2	7259.4	4122.4	2863.2	2497.7	3083	3061.9	2460.6	4169.8	10053	5266.6	7148.3	14980
3343.5	6823.3	2601.8	2158.6	7305.4	4140.1	2860.7	2482.6	3076.9	3090.3	2449.7	4153	10109	5296.4	7174.4	15142
3343.1	6855.6	2617.1	2158.6	7325	4161.4	2868.1	2496.2	3090.8	3175.6	2468.7	4168.6	10236	5333.6	7242.1	15024
3407.2	7024.6	2672.4	2215	7550.7	4230.2	2903.7	2552.8	3154	3244.3	2493.3	4245	10552	5430.6	7464.7	15651
3394.6	7086.6	2703.2	2214.3	7546.4	4257.5	2940.2	2589.3	3159.3	3136.9	2502.5	4270.7	10647	5419.7	7444.7	15675
3362.5	6967.1	2667.4	2194.3	7475.2	4214.8	2888.5	2544.9	3119.4	3215.6	2468.3	4199	10439	5381.9	7386.1	15397
3369.4	7013.8	2707.5	2199.7	7484.8	4223.9	2926.5	2584	3123.3	3109.8	2478.6	4242.7	10564	5376.1	7432.1	15392
3366.7	7060.9	2705.1	2180.1	7486.9	4252.4	2923.2	2573.5	3128.6	3093.4	2482.2	4240.4	10647	5381.9	7390.3	15351
3363.4	7065.9	2705.5	2180.4	7496.4	4257.5	2921.9	2584.8	3126.8	3164.6	2494	4257.5	10688	5370.3	7449.9	15409
3388	7139.3	2756.7	2214	7594.7	4281.6	2938.1	2608.7	3146.5	3192	2490	4269	10803	5446	7572.1	15545
3402.1	7219.8	2759.8	2196	7633.6	4309.9	2953.9	2626.6	3152.7	3154.9	2517	4318.5	10954	5414.6	7576.4	15642
3400.2	7203.6	2757.1	2207.9	7648.8	4284.5	2919	2610.2	3150.5	3241.1	2484.8	4286.8	10933	5417.5	7601.2	15569
3398.8	7270.6	2799.3	2219.4	7693.5	4334.2	2953.5	2642	3162.8	3226.3	2494.8	4297.7	11020	5453.4	7677.1	15689
3435.9	7383	2845.7	2248.6	7834.1	4385.1	2993.4	2686	3199.5	3237.5	2522.2	4361.6	11267	5511	7806.2	16048
3437.8	7482.6	2867.7	2227	7759.6	4406.9	3001.4	2695.7	3189.3	3182.7	2533.3	4402.2	11464	5527.4	7817.4	15941
3427.9	7405.9	2855.8	2218.1	7741.9	4387.5	2997.2	2695.4	3175.2	3188.4	2531.8	4412.3	11335	5484.3	7782.8	15866
3444.4	7462.6	2881.6	2237.9	7857.7	4418.2	2984.9	2691.8	3188.4	3300	2512.1	4375.7	11425	5502.1	7843.1	16100
3369	7327.1	2847.3	2181.4	7612	4339.5	2952.3	2661.6	3138.2	3122.9	2481.5	4334.2	11226	5412.4	7628.2	15363
3378.3	7391.3	2881.1	2200.4	7689.2	4371	2968.1	2684.1	3146.5	3150	2474.5	4334.8	11304	5408.8	7692.4	15484
3446.3	7566.8	2923.2	2238.3	7894.9	4484.4	3022.2	2734.5	3210.2	3298.1	2548.3	4458	11635	5520.7	7928.9	16088
3451.9	7633.6	2972.8	2237.2	7893.8	4483.8	3050.7	2767	3212.5	3183.6	2552	4490.4	11783	5532.6	7972.2	16113
3447.7	7640.1	2982	2256.8	7926.6	4510.9	3034.5	2755.9	3204	3340.8	2540.4	4459.2	11723	5523.6	8037.8	16203
3470	7765.1	3016.2	2251	7940.3	4548.6	3070.1	2771.7	3206.7	3211.6	2555	4506.1	11912	5546	8084.2	16240
3445.8	7626	2983.3	2232.4	7863.3	4499.5	3025.6	2757.1	3189.8	3281.8	2539.7	4498.3	11787	5494.7	8006.7	16033
3423.6	7655.3	3027.3	2253.7	7883.6	4520.6	3045.2	2798.9	3205.3	3263.2	2527.4	4485.6	11824	5506.5	8063.3	15978
3422.2	7619.5	3020.9	2229.4	7795.1	4473	3011.6	2760.2	3182.2	3233.5	2511.8	4480.8	11787	5493.9	8000.9	15797
3428.8	7732	3042.6	2231.1	7846.5	4520	3030.2	2794.1	3208.9	3221.8	2512.1	4523.7	11991	5489.5	8013.6	15866
3500.5	7917.5	3113.8	2276.9	8056.3	4625.4	3084.3	2838.4	3256.9	3358.8	2575	4626	12325	5607.8	8267.3	16528
3497.7	7988.3	3153.6	2268.9	8033.2	4644.7	3123.8	2868.9	3260	3246.1	2576.8	4657.8	12507	5615.3	8275.7	16423
3442.5	7815.1	3100.3	2240	7910.7	4567.5	3043	2817.8	3216	3318.7	2531.1	4576.1	12145	5499.9	8109.9	16011
3461.9	7857.7	3144.8	2249.6	7934.6	4574.9	3067	2844.9	3235.7	3262.3	2534.8	4609.9	12325	5526.6	8200.6	16042
3486.7	8018.2	3207.1	2282.1	8067.9	4658.4	3115.9	2876.2	3264.6	3326.1	2547.5	4649	12523	5597.9	8343.3	16464
3491.4	8036.6	3229.9	2283.5	8044.7	4679	3123.8	2907.9	3277.2	3308.2	2572.7	4716.2	12651	5639.7	8410.3	16407
3574	8274.5	3291.3	2317.4	8273.3	4806.7	3191.1	2945.2	3306.8	3340.8	2617.1	4808	12993	5700.2	8575.3	17211
3566.7	8301	3328.3	2330	8301	4814.5	3188.4	2957.3	3322.4	3445.3	2614.4	4814.5	13055	5723.4	8649.8	17235
3543.4	8194.7	3303.2	2303	8214.8	4789.4	3182.2	2951.8	3303.2	3366.7	2614	4811.9	12873	5643.5	8542.7	16881
3546.3	8310.6	3347.2	2307.2	8186.4	4783	3181.8	2981.2	3326.1	3332.5	2597.7	4850.1	13152	5679.4	8574	16838
3502.5	8176.9	3319.6	2279	8071.4	4757.4	3157.1	2933.9	3280.9	3419.9	2586.3	4786.8	12888	5611.6	8458.3	16461
3519.3	8280.5	3368.5	2292.5	8087.7	4781.7	3178.7	2981.6	3303.2	3346.3	2586.3	4848.8	13051	5633.6	8552.7	16577
3551.2	8336	3382.5	2293.2	8178.1	4833.9	3203.1	2997.2	3311.4	3325.6	2606	4904.4	13228	5631.3	8599.2	16788
3571.1	8441	3434.9	2315.6	8217.2	4878.8	3220	3014.9	3318.3	3298.1	2601.1	4924.8	13350	5655.7	8643.4	16934
3522.6	8337.2	3422.2	2282.8	8116.9	4843	3201.8	2997.2	3292.2	3299.1	2583.6	4890.6	13123	5598.7	8543.9	16590
3531.3	8367.6	3458.1	2298.5	8126.3	4867.7	3218.3	3009	3317.8	3403.9	2611.3	4928.7	13267	5617.6	8634.6	16664
3562.4	8471.8	3526.5	2327.6	8206.5	4887.3	3252.4	3062.7	3332	3362.5	2608.3	4984.6	13368	5671.8	8784.5	16931
3576	8495.4	3526	2313.5	8178.1	4884.7	3235.7	3046.9	3320.5	3317.8	2595	4997.3	13509	5644.2	8757.3	16828
3591.6	8591.6	3577.9	2332.1	8268.5	4947.9	3283.1	3091.2	3350.5	3363.4	2623.2	5062	13659	5702.5	8858.8	17143
3603.4	8621.9	3591.6	2332.8	8289	4979.2	3263.2	3079.5	3367.6	3466.2	2645	5120.1	13831	5722.6	8883.7	17184
3612.8	8730.3	3654.3	2339.6	8272.1	4994.6	3293.1	3105.1	3370.4	3370.8	2636.2	5124.2	13974	5774.7	8980.4	17204
3628.1	8769	3685.3	2355.5	8338.4	5025.5	3316.9	3133.4	3384.3	3382	2637.3	5170.5	14032	5766.1	9020.5	17481
3625.1	8833.9	3720	2368.6	8384.6	5059.3	3331.6	3151.8	3427.4	3488.1	2670.5	5215.2	14249	5808.5	9123.2	17499
3649.4	8924.6	3767.3	2378.6	8392	5107.1	3371.3	3177.4	3398.3	3391.8	2677.5	5258.1	14257	5801.4	9216.5	17573
3607.4	8708.5	3701.9	2336	8227.9	5023.5	3296.8	3127.3	3359.7	3428.3	2643.1	5234.1	13972	5697.1	8961.7	17123
3606.9	8805.3	3771.9	2349.5	8212.5	5046.4	3330.2	3173.8	3389.4	3418.9	2647	5257.4	14137	5759.9	9098.8	17058
3618.7	8850.9	3816.6	2377.2	8368.8	5125.6	3353.7	3198.6	3409.5	3518.3	2670.9	5291.4	14183	5750.6	9187.5	17478
3641.4	8965.7	3857.1	2380	8384.6	5167.1	3384.8	3213.8	3418.9	3473.8	2682.5	5344.4	14433	5770.8	9234.4	17513
3675.8	9070.3	3913.3	2385	8395.6	5185.8	3421.3	3252.4	3441.5	3418.9	2704.3	5433.6	14687	5856.7	9361.5	17637
3670.8	9090.6	3933.5	2402.6	8453.3	5222.9	3410	3265.5	3462.9	3593.6	2710.6	5470.3	14711	5816.3	9357.3	17816
3625.6	8919.3	3909.1	2373.3	8330	5142.2	3377.3	3233	3420.3	3530.8	2677.5	5401.5	14350	5738.9	9226.1	17387
3656.3	9078.4	3992.3	2395.4	8349.3	5185.8	3410.5	3270.4	3444.4	3508.2	2675.1	5449.7	14628	5807.7	9377	17608
3684.8	9212.3	4030.1	2406.6	8454.6	5260.9	3443.9	3315	3490.5	3523.1	2703.2	5531.8	14903	5852.7	9470.8	17899
3743.3	9408.1	4144.6	2459.5	8627	5366	3506.3	3364.3	3528.9	3618.7	2748.3	5665.6	15300	5965	9754	18536
3709.9	9323.6	4107.4	2437.7	8495.4	5321.4	3468.6	3317.8	3485.2	3633.5	2728.6	5614.6	15063	5876.6	9609.6	18127
3709.4	9309.5	4157.4	2431.9	8441	5307.8	3490	3363.9	3488.1	3558	2715.3	5646.5	15097	5884.6	9630	18050
3695.3	9219.2	4120.1	2411.6	8449.6	5309.2	3480	3343.1	3481.4	3501.5	2723.9	5671	15024	5813.2	9516.8	17856
3701.4	9291.4	4183.8	2429	8464.4	5340	3496.7	3369.9	3499.6	3614.7	2729	5708.7	15094	5841.6	9597.9	18020
3758.1	9605.2	4301.2	2459.2	8554	5423.3	3556.5	3416.6	3556.5	3635.5	2767.4	5802.2	15713	5991	9906	18486
3761.1	9573.2	4327.8	2474.2	8608	5460	3568.2	3452.4	3566.7	3636.5	2759	5834.5	15636	5955.3	9889.3	18590
3681.3	9230.3	4231.3	2421	8370	5320	3496.7	3376.4	3474.7	3572.6	2711.8	5745.1	14969	5781	9538.4	17794
3696.8	9353	4250.1	2405.5	8339.6	5373.9	3506.3	3383.9	3494.3	3499.1	2714.1	5798.2	15314	5827.4	9544.2	17647
3737.2	9554.3	4357	2435.9	8458.3	5451.2	3567.2	3453.4	3548.8	3567.7	2732.6	5858.3	15536	5897.4	9745.1	18120
3746.4	9576.1	4386.3	2437.7	8468.1	5480.6	3585.3	3457.6	3543.4	3549.2	2758.2	5927.9	15725	5915.8	9763	18101
3790.8	9791.3	4488	2487	8656.1	5597.9	3644.4	3523.6	3599.5	3664.3	2806.1	6048.3	16107	5997.5	10035	18687
3813.5	9848.4	4556.5	2505.5	8691.8	5590.4	3650.4	3538.6	3597.5	3707.9	2795.7	6093	16128	5982.9	10102	18935
3769.3	9767.4	4515.8	2458.4	8464.4	5531.1	3619.2	3502	3560.4	3580.4	2755.5	6007.3	15972	5959.3	9936.5	18254
3773.9	9699.1	4547.4	2468.3	8495.4	5552	3652.8	3552.1	3577.5	3576	2774.1	6103	15972	5937.5	9962.5	18413
3811.4	9896.9	4618	2506.2	8661.2	5626.7	3660.8	3566.7	3612.3	3712.9	2795.3	6162.3	16275	5978	10120	18851
3824.9	9993.2	4679	2497	8611.8	5689.4	3710.4	3587.2	3608.8	3633.5	2805.3	6199.5	16439	6025.3	10186	18702
3844.6	10030	4743.4	2534.5	8734.1	5717.2	3737.2	3647.4	3665.3	3784.2	2846.5	6331.4	16632	6059.1	10346	19136
3864.4	10091	4768.9	2522.9	8711	5746.7	3769.8	3670.8	3667.8	3691.3	2836.8	6350.5	16726	6059.9	10354	19067
3787.8	9788.3	4692.2	2472.3	8433.6	5613.8	3681.8	3598	3591.2	3584.8	2782.1	6260.8	16231	5952.1	10066	18206
3804.7	9991.6	4802.9	2506.2	8555.2	5691.7	3718	3631	3634.5	3755	2801.3	6288.2	16410	5969.1	10236	18671
3850.3	10117	4861.8	2513.3	8589.1	5745.1	3774.4	3694.3	3666.3	3679.3	2834.7	6414.4	16795	6080.5	10374	18781
3857.1	10204	4909	2521.4	8685.4	5824.2	3792.4	3702.9	3678.8	3678.8	2834.7	6455.1	16958	6072.3	10324	18987
3811.4	9942.6	4843.6	2488.5	8441	5664.9	3724.6	3653.8	3598	3597	2780.9	6378.4	16372	5944	10180	18436
3803.2	10010	4931.4	2502.1	8442.2	5709.5	3755.5	3693.8	3648.9	3731.1	2818.2	6456	16490	5986.1	10277	18482
3878	10228	4968.5	2519.2	8589.1	5808.5	3787.2	3724.6	3670.8	3662.3	2818.6	6543.6	17035	6041.8	10364	18935
3875.4	10324	5028.2	2527.7	8630.8	5883	3832.1	3782.6	3708.9	3710.9	2836.8	6607	17157	6059.1	10435	19031
3905.4	10452	5116.7	2555.4	8682.9	5927.9	3863.4	3784.7	3702.9	3699.9	2865.6	6683.1	17387	6139.7	10625	19299
3902.8	10452	5182.4	2576.8	8752.2	5939.1	3880.7	3816.6	3733.7	3838.4	2882.8	6750	17401	6097.1	10689	19501
3962.2	10662	5232.7	2578	8783.2	5993.5	3914.4	3870.7	3784.2	3828	2898	6874.7	17888	6213	10812	19844
3944.6	10652	5297.1	2588.9	8794.9	6027.8	3932.9	3894.8	3792.9	3878	2899.2	6869.9	17802	6164.9	10817	19819
3956.9	10646	5329.3	2603	8807.9	6032.7	3946.2	3912.3	3808.9	3923.9	2929.4	6971.9	18002	6213.9	10941	19853
3988	10761	5355.9	2597.7	8849.6	6092.2	3976.7	3939.8	3812.5	3803.7	2921.1	7052.1	18269	6207.9	10908	19956
3958	10691	5388.4	2590.1	8725.1	6045	3959.6	3924.4	3779.5	3837.8	2893.5	6965.1	17838	6193.5	10896	19703
3966	10681	5450.4	2606.8	8805.3	6050.8	3964.4	3933.5	3790.8	3939.8	2912	7035.4	17859	6137.2	10888	19797
3888.5	10457	5342.9	2559.5	8581.6	5978	3907	3892.7	3753.5	3901.2	2884.4	6950.6	17502	6053.3	10610	19031
3918.6	10527	5429.2	2568.2	8585.3	6019.6	3973.5	3944.1	3771.4	3808.3	2891.8	7015.8	17527	6088	10784	19205
4012.3	10962	5606.2	2628.2	8788.4	6180	4059.6	4031.8	3846.2	3909.1	2951.4	7225.9	18463	6282.2	11216	20000
3999.3	10975	5647.3	2627.4	8804	6232.6	4090.8	4059	3856.1	3910.1	2948.1	7244.1	18482	6248.8	11168	20035
4012.3	10926	5629.8	2612.9	8788.4	6198.6	4056.8	4023.1	3832.1	3851.4	2919.8	7219.8	18413	6230	11050	20056
4002	10903	5699.4	2621.6	8712.3	6167.4	4065	4056.8	3834.2	3946.2	2930.6	7306.5	18269	6215.6	11123	19978
3985.3	10903	5676.4	2609.8	8681.6	6174.1	4055.7	4042.6	3834.2	3943.6	2913.6	7256.3	18179	6173.3	11038	19746
3960.6	10874	5730.4	2608.7	8703.3	6231.7	4070.5	4051.9	3848.8	3966	2938.1	7330.1	18299	6171.6	10943	19619
4012.8	11070	5837.7	2644.3	8814.4	6301.1	4141.8	4123.5	3910.7	4031.8	2984.5	7464.7	18773	6246.2	11207	20162
4012.8	11043	5845.6	2639.6	8739.3	6270.2	4129.6	4144	3896.4	4025.3	2977	7515.5	18691	6229.2	11235	20004
3959.6	10831	5781.8	2610.2	8591.6	6204.5	4068.3	4065.6	3811.4	3909.6	2915.7	7407	18194	6139.7	10928	19451
3951.6	10875	5854.3	2605.6	8586.6	6253.1	4122.9	4100.2	3836.3	3852.9	2944.3	7457.3	18337	6179.2	11029	19245
4002	11096	5946.4	2636.6	8713.6	6327.1	4156.3	4149.6	3899.1	4020.9	2976.1	7589.3	18730	6236.8	11155	19801
4026.3	11134	6029.4	2647.7	8709.8	6350.5	4213.1	4209.2	3915.4	4033.4	2980.3	7646.6	18694	6245.4	11285	20127
4040.5	11184	6086.3	2667.4	8796.2	6407.4	4241.5	4228.5	3912.3	3998.7	2999.3	7737.5	18927	6269.3	11373	20157
4066.7	11359	6176.6	2677.1	8785.8	6437.4	4238.1	4234.7	3928.1	4104.6	2999.3	7758.5	19148	6296	11425	20339
4019.3	11249	6143.9	2667.4	8743.2	6438.2	4250.1	4234.7	3910.1	3999.3	2985.4	7759.6	19019	6266.8	11346	19982
4038.8	11276	6181.7	2677.1	8766.4	6460.4	4266.1	4288.5	3941.4	4051.9	2997.6	7870.1	19140	6246.2	11386	20100
4117.9	11614	6361	2713.7	8910.1	6597.9	4344.7	4356.4	3994.4	4078.7	3057.2	8057.5	19887	6432.1	11756	20729
4131.2	11654	6404.7	2716.9	8936.5	6640.8	4386.3	4392.8	4004.7	3997.7	3045.2	8102.9	19939	6427.6	11820	20915
4087.5	11397	6330.5	2681	8754.8	6505.8	4333.6	4361.6	3991.2	4111.8	3016.6	7990.6	19258	6297.7	11543	20424
4089.2	11539	6381.9	2692.6	8788.4	6562.5	4337.7	4355.8	3980.5	4057.9	3027.3	8104.1	19648	6343.6	11558	20308
4098	11624	6429.4	2693.4	8800.1	6612.4	4365.2	4402.8	4020.9	4175.9	3040.5	8143.9	19691	6334.9	11567	20510
4113.5	11691	6538.2	2703.2	8780.6	6650.9	4415.8	4425.3	4013.9	4132.9	3041.3	8132.2	19648	6372.3	11762	20596
4085.9	11563	6501.4	2700.4	8794.9	6644.5	4389.2	4403.4	3998.2	4047.6	3026.8	8173.4	19627	6331.4	11569	20384
4101.9	11614	6550.8	2711	8756	6631.6	4407.5	4436.6	4005.2	4034.5	3044.8	8285.3	19861	6359.2	11717	20317
4160.2	11904	6673.9	2740.1	8879.8	6713.7	4455.1	4497.1	4067.2	4204.1	3070.1	8403	20268	6425	11929	20990
4144	11863	6765.9	2746.8	8898.2	6771.5	4513.4	4538.2	4085.3	4255.8	3081.3	8422.6	20179	6418.8	11878	20910
4187.7	12055	6838.5	2757.8	8979	6845.1	4539.5	4572.4	4112.4	4288.5	3098.6	8527.7	20533	6484.4	12005	21372
4200.7	11977	6870.8	2760.2	8920.6	6830.9	4589.6	4620.5	4104.6	4144.6	3099.4	8581.6	20406	6472.8	12145	21276
4224.5	12115	6956.4	2780.1	8983	6890	4616.1	4660.3	4129.6	4140.1	3121.6	8743.2	20915	6559.8	12323	21666
4222.8	12200	7032.4	2786.1	8995.1	6934.2	4631	4653.4	4154.6	4318	3151.4	8783.2	21151	6548.1	12259	21358
4193.9	12037	6978.7	2759.8	8878.4	6848	4592.7	4631	4108	4266.1	3100.7	8663.8	20366	6444.4	12077	21127
4179.9	12041	7012.8	2766.2	8927.2	6941.9	4635.3	4655.9	4137.4	4130.7	3101.6	8716.2	20711	6487.1	12065	21042
4156.9	11910	6970	2729.4	8745.7	6861.3	4620.5	4650.9	4109.1	4132.9	3103.8	8682.9	20411	6452.4	12053	20661
4197.3	11961	7037.3	2745.2	8741.9	6854.6	4622.3	4682.8	4126.2	4174.8	3105.5	8792.3	20465	6456.8	12083	20887
4227.9	12224	7130.3	2780.9	8960.4	7012.8	4705.4	4765.7	4191.7	4173.1	3142.1	8965.7	21208	6527.4	12294	21406
4243.2	12300	7234	2798.5	8941.8	7019.7	4709.2	4763.1	4191.7	4327.2	3161.9	9096.1	21271	6558.9	12292	21494
4197.3	12053	7166.4	2782.9	8861.4	6975.8	4706.1	4761.9	4167	4174.8	3143.9	9011.1	20929	6488	12214	20995
4214.3	12103	7267.6	2787.3	8820.9	6969	4721.2	4766.3	4159.7	4247.8	3156.6	9073	20892	6497.8	12253	21009
4206.9	12202	7292.1	2775.7	8822.2	7029.5	4754.9	4778.5	4186	4279.9	3116.8	8960.4	20734	6501.4	12194	21047
4214.8	12216	7305.4	2778.1	8798.8	7036.3	4762.5	4820.9	4201.8	4300	3129.9	9060.9	20780	6467.5	12190	21070
4286.2	12547	7504.9	2830.3	9017.8	7182.4	4849.4	4910.3	4273.6	4396.9	3202.2	9354.5	21726	6597.9	12521	21810
4274.1	12507	7550.7	2823	8959.1	7216.7	4889.9	4918.2	4262.7	4232.4	3209.8	9408.1	21830	6650	12621	21621
4181.5	12057	7334.3	2767	8698.2	7027.5	4760	4797.7	4173.7	4208	3133.4	9130	20711	6468.4	12055	20574
4209.7	12155	7452	2792.1	8758.6	7063.9	4790	4833.9	4183.8	4320.3	3131.6	9209.6	20753	6467.5	12141	20962
4243.8	12290	7565.7	2817.8	8817	7140.3	4879.4	4920.8	4212	4220.5	3168.1	9343.2	21104	6560.7	12498	21223
4247.2	12406	7591.5	2811.3	8835.2	7182.4	4876.8	4927.4	4257.5	4307	3191.5	9449.4	21445	6562.5	12358	21180
4303.5	12626	7757.4	2855.4	8968.4	7316.8	5001.3	5053.2	4318.5	4346.5	3228.1	9624.2	21851	6659.2	12787	21881
4345.9	12714	7811.8	2863.6	9027.2	7326	5015.4	5070.9	4333.1	4361.1	3221.8	9691.8	21997	6654.6	12825	22243
4269.5	12462	7733.1	2817.8	8817	7220.8	4912.2	4955.9	4251.2	4298.9	3177.8	9496.6	21494	6579.7	12460	21271
4260.4	12475	7796.2	2818.6	8769	7254.3	4993.3	5028.9	4284.5	4343	3195.5	9524	21304	6562.5	12517	21237
4362.8	12959	7984.8	2878.7	9058.2	7470	5094.1	5135.9	4380.4	4373.4	3268.2	9964	22803	6775.3	12964	22384
4328.4	12840	8002.1	2862.8	8935.2	7412.2	5092.7	5122.2	4345.3	4324.3	3256	9916.6	22525	6733.2	12944	21941
4345.9	12798	8051.7	2871.7	8977.7	7398.6	5119.4	5165.7	4378.6	4502.5	3271.3	9938	22073	6662.8	12847	22028
4355.8	12888	8158	2891	8965.7	7447.8	5144.2	5190	4370.4	4543.7	3272.2	9979.3	22228	6701.6	12966	22022
4326.7	12688	8072.6	2871.3	8832.6	7337.4	5090.6	5149.8	4326.1	4453.9	3247.4	9985.5	21921	6661	12790	21696
4316.2	12671	8056.3	2861.1	8867.9	7402.8	5140.8	5206.1	4365.2	4361.6	3251.5	9999.3	22084	6649	12809	21666
4389.2	13148	8357.8	2919	9096.1	7605.5	5260.9	5277.2	4437.8	4482.6	3304.5	10198	22982	6797.8	13127	22504
4412.8	13159	8383.4	2922.3	9077.1	7596.9	5272.3	5307.8	4449.1	4601.9	3313.2	10311	22993	6776.2	13152	22605
4347	12818	8195.8	2878.3	8907.4	7479.5	5189.3	5247.5	4398.7	4401	3269.1	10166	22410	6684	12860	21721
4315.1	12694	8151	2846.9	8767.7	7454.1	5185.8	5224.3	4381	4376.9	3241.1	10069	21951	6649	12696	21382
4412.3	13198	8439.8	2904.2	8989.7	7644.5	5315	5342.2	4464.6	4482	3306.8	10370	23075	6823.3	13207	22404
4424.1	13196	8437.3	2905	8972.4	7652.1	5325	5373.9	4495.3	4577.9	3318.7	10461	23053	6799.7	13155	22431
4421.1	13157	8514	2938.9	9016.5	7664.1	5365.2	5410.2	4479	4498.9	3312.3	10493	23015	6787.5	13315	22679
4434.8	13297	8604.2	2942.3	9013.8	7727.6	5396.4	5427.7	4490.4	4495.3	3323.3	10570	23180	6836.6	13336	22733
4392.8	13127	8550.2	2909.9	8920.6	7653.2	5379.7	5400.7	4490.4	4566.3	3303.6	10417	22674	6743.5	13073	22155
4401.6	13180	8648.5	2916.1	8899.5	7668.4	5419	5416.8	4486.2	4601.3	3318.3	10480	22658	6763.1	13152	22140
4359.9	12921	8530.2	2902.9	8837.8	7598	5369.6	5380.4	4439	4474.2	3284	10422	22337	6699.8	12970	21736
4382.8	12986	8642.2	2909.1	8785.8	7612	5420.4	5433.6	4446.1	4478.4	3305	10549	22363	6752.8	13139	21972
4396.9	13159	8717.4	2932.7	8892.9	7745.2	5491	5508.8	4501.9	4492.2	3338	10698	22797	6800.7	13276	22094
4382.2	13046	8665	2907.5	8822.2	7691.3	5440.2	5440.2	4466.4	4459.2	3287.7	10536	22378	6753.7	12995	21916
4520.6	13741	9077.1	2995.9	9195.8	7989.4	5661.8	5671.8	4638.5	4669.6	3397.8	11066	24113	6973.8	13729	23562
4534	13775	9102.8	3001.8	9173.8	7983.7	5676.4	5693.3	4652.1	4819	3422.7	11218	24160	6953.5	13724	23381
4462.2	13464	8967.1	2974.9	9008.4	7867.8	5604.7	5632.8	4580.4	4639.1	3384.3	11054	23533	6876.6	13488	22578
4473	13557	9039.3	2972.8	9040.7	7944.8	5635.9	5655.7	4598.2	4713	3378.3	11079	23647	6888	13441	22685
4566.3	13947	9245.5	3014.5	9153.3	8032	5705.6	5731.9	4660.3	4841.7	3429.3	11364	24552	6996.2	13783	23550
4538.2	13863	9285.8	3007.3	9165.6	8097	5783.3	5776.3	4690.3	4735.8	3421.3	11291	24328	6998.2	13778	23431
4492.2	13640	9182	2988.7	9009.8	7972.2	5711.8	5719.5	4622.9	4823.5	3400.2	11240	23670	6913.9	13530	22868
4498.9	13669	9263.5	2997.6	9019.2	8025.1	5759.1	5721.1	4616.1	4654	3401.1	11224	23774	6944.8	13700	22765
4545.5	13851	9339	3009.4	9047.4	8044.7	5776.3	5784.9	4664.6	4852.7	3440.6	11531	24322	7005	13787	23330
4555.3	14014	9509.6	3025.6	9128.7	8167.5	5897.4	5850.3	4693.5	4719.3	3478.6	11630	24960	7106.4	14112	23516
4510.9	13688	9388.3	3000.1	8955.1	8007.8	5835.3	5825.8	4665.9	4847.5	3448.6	11494	23838	6966.1	13751	22615
4532.2	13809	9436.6	3001.4	9012.5	8101.7	5855.1	5814.8	4656.5	4683.4	3412.8	11390	23966	7002.1	13729	23081
4507.9	13790	9470.8	3000.6	8980.4	8074.9	5878.2	5819.5	4667.1	4876.8	3422.7	11401	23762	6956.4	13607	22653
4513.4	13635	9413.8	3006.9	9012.5	8080.7	5923	5891	4688.4	4708.6	3427.9	11533	23636	6941.9	13703	22895
4476	13474	9334.8	2971.1	8843.1	8005.5	5861.5	5842.4	4657.1	4667.8	3406.3	11395	23336	6889	13481	22253
4506.7	13749	9515.3	3006.9	8904.8	8087.7	5900.6	5865.4	4657.1	4826.8	3419.9	11511	23619	6926.4	13597	22525
4606.9	14196	9773.4	3060.2	9190.3	8336	6087.2	6053.3	4795.2	4794.5	3509.2	12007	25193	7148.3	14224	23820
4625.4	14396	9956.3	3076.1	9169.7	8384.6	6167.4	6115.4	4836.5	5000.6	3543.4	12133	25405	7177.4	14278	23855
4520	13686	9558.7	3006.5	8894.2	8095.9	5991	5961	4701	4737.7	3443.4	11687	23699	6952.5	13736	22541
4501.9	13715	9647.6	3005.2	8849.6	8127.5	6018.8	5936.7	4685.3	4758	3443.4	11673	23809	6989.4	13698	22290
4621.7	14221	9957.9	3069.2	9123.2	8343.3	6171.6	6111.3	4793.2	4999.3	3506.3	12115	24767	7115.4	14153	23625
4608.1	14214	9973.2	3072.2	9105.6	8412.8	6225.8	6159.8	4826.8	4942	3520.2	12095	24785	7129.3	14216	23556
4583.5	13997	9830.4	3048.6	8981.7	8251.8	6133	6083	4767.6	4879.4	3474.3	12005	24280	7041.2	14034	23197
4618.6	14178	10016	3067.5	9036.6	8309.4	6211.3	6123.8	4781.1	4976.5	3515.4	12173	24576	7101.5	14193	23252
4680.9	14456	10180	3106.8	9222	8501.6	6347	6276.2	4889.9	4897.1	3564.8	12526	25567	7225.9	14585	24298
4644	14485	10229	3106.4	9172.4	8565.2	6380.2	6263.3	4878.1	4863.1	3560.9	12437	25431	7242.1	14511	23867
4563.9	13987	9947.1	3039.6	8943.1	8362.7	6265.9	6170.7	4807.4	4867.7	3492.9	12095	24143	7030.4	13917	22841
4631	14226	10141	3059.7	8993.7	8378.5	6290.8	6199.5	4836.5	5004	3527.5	12311	24754	7134.3	14130	23219
4627.9	14396	10255	3077.8	9051.4	8519	6421.5	6289.9	4895.8	4971.2	3554.6	12408	25111	7192.5	14247	23448
4658.4	14383	10362	3099	9087.9	8489.2	6438.2	6289.1	4864.4	5049.2	3555.5	12507	24816	7166.4	14360	23613
4685.9	14456	10365	3114.6	9136.9	8502.8	6447.1	6318.4	4888.6	4949.3	3565.3	12647	25373	7219.8	14496	23890
4735.8	14914	10562	3137.8	9277.5	8772.8	6606.1	6499.6	5007.3	5041.7	3614.2	12973	26296	7321.9	14695	24570
4619.2	14311	10290	3089.9	8977.7	8499.1	6409.1	6271	4843	4965.9	3512.5	12400	24545	7140.3	14117	23174
4660.9	14472	10390	3096.4	9005.8	8541.4	6471.1	6341	4887.9	5072.9	3547.3	12604	24985	7172.4	14244	23448
4696.6	14740	10612	3131.2	9123.2	8699.5	6617.9	6439.1	4946.6	5114.6	3596.5	12790	25626	7277.8	14622	23867
4690.3	14721	10686	3145.7	9146.4	8736.7	6688.7	6469.3	4958.6	4969.9	3591.2	12814	25554	7310.6	14719	24048
4670.3	14435	10503	3120.7	9048.7	8630.8	6626.1	6468.4	4954.6	4985.9	3597.5	12829	25225	7230.9	14514	23545
4675.9	14493	10580	3134.7	9094.7	8672.7	6710	6517.5	4963.2	5020.8	3587.7	12875	25092	7223.8	14522	23786
4726.9	14786	10791	3173.8	9222	8783.2	6755.6	6567.9	4996.6	5092	3620.7	13127	25924	7336.3	14816	24394
4741.5	14824	10901	3163.2	9162.8	8783.2	6826.2	6603.3	5007.3	5201.2	3644.4	13200	25765	7350.8	14840	24256
4717.4	14633	10774	3148.7	9050.1	8680.3	6758.4	6563.4	4981.9	5188.6	3629	13182	25541	7315.7	14668	23838
4721.8	14743	10869	3154.9	9121.9	8753.5	6809.2	6565.2	4971.2	4998.6	3611.3	13116	25457	7335.3	14748	23995
4719.3	14813	10935	3152.7	9121.9	8820.9	6870.8	6596.1	5026.2	5183.7	3635.5	13127	25732	7347.7	14657	23931
4725.6	14770	10961	3170.3	9145.1	8843.1	6947.7	6706.2	5043.7	5119.4	3639.9	13313	25470	7339.4	14794	24184
4741.5	14988	11102	3190.2	9180.7	8947.1	7007.9	6720.2	5075.6	5087.2	3670.8	13361	26173	7421.6	14980	24274
4776.6	15016	11120	3182.2	9146.4	8918	6999.2	6753.7	5085.9	5268.7	3681.8	13561	26358	7453.1	15011	24190
4754.2	14789	11043	3174.7	9138.2	8818.3	6954.5	6668.4	5009.4	5118.7	3626.1	13331	25548	7347.7	14819	24078
4744	14906	11052	3158	9067.6	8891.6	6986.5	6687.7	5059.3	5227.1	3651.9	13424	25871	7417.4	14721	23820
4817.1	15187	11256	3208	9267.7	9001.8	7097.5	6827.1	5142.2	5285	3707.9	13778	26925	7484.8	15147	24625
4807.4	15237	11390	3225	9242.7	9082.5	7209.7	6894.7	5139.4	5345.1	3711.9	13775	26427	7492.2	15184	24668
4729.4	14830	11063	3157.1	9005.8	8841.8	7035.4	6724.8	5053.9	5275.8	3651.4	13453	25535	7353.9	14636	23545
4741.5	14879	11139	3166.3	9036.6	8916.7	7105.5	6766.8	5062	5128.4	3644.9	13453	25496	7378.8	14721	23832
4859.9	15557	11652	3252.4	9344.6	9223.4	7341.5	6961.2	5182.4	5224.3	3729.1	13967	27256	7621.7	15487	25257
4871.6	15592	11612	3245.2	9319.3	9205.4	7353.9	6994.3	5213.1	5392.8	3749.4	14216	27380	7630.4	15409	25168
4800.3	15235	11499	3220	9195.8	9127.3	7319.8	6928.4	5175.4	5287.9	3713.4	13802	26566	7517.6	15133	24406
4828.7	15323	11471	3217.8	9219.2	9145.1	7337.4	6964.1	5181.7	5226.4	3705.4	13955	26635	7539	15125	24613
4880.7	15519	11675	3250.6	9295.6	9172.4	7441.5	7053	5211.7	5310.7	3751.5	14242	27032	7599	15472	25130
4831.3	15306	11631	3241.1	9267.7	9191.7	7494.3	7083.6	5213.1	5243.3	3739.8	14137	26427	7543.2	15300	24791
4829.3	15289	11599	3217.8	9151.9	9116.4	7401.7	6970	5166.4	5355.1	3706.9	13927	26324	7528.3	15116	24472
4817.1	15274	11616	3221.8	9183.4	9180.7	7464.7	7011.8	5204	5317.8	3717.5	13942	26379	7533.6	15055	24310
4849.4	15536	11729	3242.9	9245.5	9317.9	7585	7139.3	5260.9	5379	3754	14280	26911	7604.4	15271	24711
4856.6	15545	11814	3254.2	9264.9	9317.9	7631.5	7164.3	5276.5	5390.6	3768.3	14339	26961	7631.5	15369	24916
4815.1	15377	11729	3228.1	9124.6	9227.5	7578.6	7066.8	5200.5	5285	3737.2	14107	26365	7600.1	15277	24178
4814.5	15380	11754	3234.4	9162.8	9295.6	7664.1	7147.3	5241.2	5297.1	3751.5	14168	26282	7591.5	15291	24214
4892.5	15776	11963	3271.8	9310.9	9415.2	7732	7197.5	5289.3	5451.2	3766.2	14425	27104	7688.1	15461	25143
4876.2	15554	11995	3283.1	9278.8	9360.1	7796.2	7259.4	5290.7	5335	3782.6	14580	26953	7682.6	15577	24885
4839.1	15487	11945	3260.5	9158.7	9332	7756.2	7179.4	5239.1	5393.5	3759.6	14254	26434	7622.8	15423	24346
4846.2	15409	11874	3255.1	9201.3	9325	7778.4	7228.9	5277.2	5310	3765.2	14376	26579	7618.5	15349	24400
4923.5	15701	12131	3292.2	9301.2	9371.4	7865.6	7276.8	5288.6	5497.6	3786.7	14633	27011	7691.3	15636	25092
4895.8	15642	12151	3296.8	9258	9445.1	7947.1	7343.6	5316.4	5516.2	3799.1	14633	26861	7692.4	15639	24960
4909.6	15740	12239	3307.3	9316.5	9466.5	7995.2	7337.4	5312.8	5373.9	3795.5	14668	26961	7716.6	15782	25162
4892.5	15692	12218	3292.7	9246.9	9475.1	8044.7	7387.1	5351.5	5535.6	3819.7	14762	26932	7730.9	15630	24966
4927.4	15887	12329	3321.5	9337.6	9593.5	8127.5	7447.8	5390.6	5438	3833.2	14890	27432	7779.5	15878	25187
4936.7	15981	12421	3329.7	9364.3	9655	8182.8	7457.3	5392.8	5425.5	3829.5	14846	27580	7790.6	15950	25360
4991.9	16284	12532	3341.7	9389.7	9659.4	8208.9	7513.4	5438	5601	3872.3	15246	28340	7884.7	16082	25745
4971.2	16131	12543	3338.5	9418.1	9694.7	8297.4	7584	5469.6	5533.3	3887	15249	28093	7858.8	16079	25685
4862.5	15627	12224	3281.3	9149.2	9462.3	8091.2	7322.9	5310.7	5416.8	3765.7	14496	26372	7693.5	15412	24334
4873.6	15633	12241	3284.5	9168.3	9508.1	8146.3	7392.3	5359.5	5406.6	3791.9	14620	26572	7697.9	15377	24442
5002.6	16293	12751	3367.1	9362.9	9746.6	8399.3	7615.2	5468.1	5658	3905.9	15441	28247	7960.8	16303	25561
4987.9	16306	12777	3363.4	9409.6	9797.3	8464.4	7635.8	5478.4	5491.7	3890.1	15329	28293	7942.5	16190	25600
4971.2	16051	12591	3329.3	9299.8	9659.4	8340.9	7540	5435	5597.9	3846.2	15083	27498	7840.9	15863	25392
4959.2	16107	12662	3352.3	9290	9680	8425	7570	5416.8	5473.2	3850.9	15114	27205	7859.9	16008	25360
4987.2	16196	12684	3335.7	9294.2	9715.4	8438.5	7604.4	5453.4	5678.7	3874.9	15303	27759	7887	15957	25405
4955.2	16137	12774	3349.1	9351.6	9806.3	8586.6	7664.1	5491	5536.3	3874.9	15187	27417	7871.2	15932	25130
5087.2	16742	13143	3397.4	9526.9	9970.1	8705.9	7798.4	5575.3	5766.1	3942	15818	29136	8086.6	16541	26593
5069.5	16762	13053	3385.7	9506.7	10009	8756	7830.8	5603.2	5763	3953.2	15941	29128	8101.7	16436	26255
4942.6	15848	12540	3326.1	9223.4	9624.2	8525.2	7628.2	5450.4	5652.6	3848.8	15122	26720	7784	15701	24723
4933.4	15987	12647	3323.8	9216.5	9716.9	8608	7677.1	5471.8	5670.2	3863.9	15201	26996	7833	15710	24668
5076.3	16831	13225	3433	9545.6	10050	8862.7	7903.9	5585.1	5691	3936.6	15878	28821	8081.9	16538	26413
5059.3	16769	13139	3413.3	9531.2	10086	8945.8	7965.4	5643.5	5719.5	3947.8	15923	28781	8045.9	16464	26248
4950.6	16094	12779	3352.3	9245.5	9767.4	8718.7	7734.2	5491	5604	3863.9	15246	26953	7857.7	15833	24835
4983.9	16033	12849	3356.5	9177.9	9727.3	8779.3	7789.5	5499.9	5671	3907	15542	27242	7943.7	16011	24853
5070.9	16762	13350	3426.5	9505.3	10142	9109.6	8044.7	5660.3	5700.2	3984.2	16131	28893	8166.3	16684	26201
5093.4	16825	13348	3421.3	9521.1	10106	9108.3	8022.8	5664.9	5752.1	3997.1	16150	29096	8141.6	16632	26296
4983.2	16187	12908	3366.2	9241.3	9818.3	8885	7814	5532.6	5596.4	3899.6	15493	27285	7935.7	15944	24866
5010	16300	12950	3372.7	9264.9	9851.5	8919.3	7855.4	5570	5738.9	3909.1	15657	27647	7961.9	16100	25022
5127	17021	13471	3454.8	9535.5	10150	9199.9	8083.1	5683.3	5861.5	3993.4	16344	29251	8186.4	16871	26531
5106.4	16941	13590	3449.6	9498.1	10198	9299.8	8063.3	5667.2	5753.7	4001.4	16196	28901	8223.2	16815	26262
5036.3	16382	13244	3405.3	9350.2	9976.3	9169.7	7998.6	5602.5	5821.9	3951	15914	27528	8032	16290	25561
5008	16398	13237	3383.9	9302.6	10041	9241.3	7994	5651.1	5755.2	3970.3	15794	27879	8063.3	16150	25054
5159.4	17211	13741	3480.5	9675.5	10383	9485.2	8217.2	5775.5	5848	4024.7	16535	29633	8281.7	16938	27090
5129.7	17129	13780	3483.3	9587.7	10372	9590.6	8282.9	5770.8	5814	4054.6	16573	29375	8275.7	17052	26538
5085.2	16888	13528	3439.2	9438	10205	9429.5	8111.1	5707.1	5855.9	3992.8	16147	28654	8178.1	16580	25804
5097.5	16851	13616	3443.4	9433.7	10174	9440.8	8116.9	5687.1	5743.6	3991.7	16153	28418	8187.5	16619	25738
5089.3	16898	13703	3452.4	9466.5	10309	9619.8	8222	5756	5816.3	4032.9	16253	28614	8195.8	16795	25958
5129.1	17035	13664	3460	9498.1	10311	9590.6	8282.9	5775.5	5944.8	4036.7	16632	28998	8232.7	16716	26310
5155.3	17109	13736	3466.2	9532.6	10330	9599.4	8266.1	5782.6	5946.4	4031.8	16570	29153	8245.8	16756	26406
5122.9	16934	13807	3467.6	9485.2	10303	9721.3	8297.4	5767.7	5889.4	4044.8	16516	28598	8263.8	16792	26167
5187.9	17474	14037	3503.4	9597.9	10503	9857.5	8385.9	5841.6	5931.1	4085.9	16871	29743	8385.9	17218	26825
5169.8	17436	14112	3496.7	9631.5	10531	9931.9	8409.1	5860.7	6000.8	4073.3	16765	29591	8392	17079	26677
5190	17457	14140	3516.4	9641.7	10529	9987	8499.1	5882.2	5936.7	4106.8	17075	29819	8433.6	17273	26904
5211.7	17510	14037	3506.3	9643.2	10547	9971.6	8491.7	5909.4	6045.9	4100.8	17116	30093	8396.8	17143	26861
5146.3	17089	13937	3482.8	9493.8	10380	9909	8421.3	5834.5	5927.1	4074.9	16825	28990	8339.6	16964	26133
5163.6	17187	14009	3489.1	9570.3	10473	9976.3	8420.1	5871.8	5919	4065.6	16713	29177	8340.9	16871	26358
5134.6	16958	13871	3475.2	9440.8	10369	9950.2	8433.6	5846.4	5997.5	4080.9	16795	28789	8326.3	16858	25699
5167.8	17311	13964	3495.8	9535.5	10447	9991.6	8433.6	5842.4	5887	4053.6	16716	28966	8343.3	16958	26194
5075	16707	13635	3453.4	9340.4	10237	9845.4	8343.3	5773.2	5859.1	4005.8	16312	27543	8145.1	16388	25225
5107.8	16654	13739	3457.6	9377	10280	9996.2	8393.2	5808.5	5955.3	4038.3	16455	27647	8210.1	16512	25399
5199.1	17373	14275	3528.4	9593.5	10564	10280	8624.4	5923	5986.9	4128.5	17246	29342	8458.3	17259	26614
5194.9	17356	14226	3513.5	9557.2	10574	10274	8567.7	5922.2	5961	4122.4	17008	29325	8437.3	17174	26337
5174	17038	13952	3487.1	9480.9	10421	10145	8520.2	5911	6098	4105.2	16944	28958	8349.3	16941	25924
5157.4	17256	14247	3512.1	9525.4	10557	10328	8506.6	5891	5944.8	4082	16707	28567	8381	16964	25944
5234.1	17569	14339	3547.8	9616.9	10610	10353	8651.1	5953.7	6139.7	4132.3	17273	29616	8485.5	17398	26833
5221.5	17531	14415	3542	9535.5	10630	10437	8632	5941.6	6142.2	4151.3	17246	29358	8526.5	17412	26427
5239.1	17633	14511	3555.1	9579	10699	10531	8707.2	5973.9	6180.9	4170.9	17342	29667	8555.2	17520	26649
5245.4	17637	14448	3555.5	9685.9	10762	10565	8772.8	6029.4	6085.5	4155.2	17380	29827	8506.6	17359	26854
5306.4	18002	14751	3588.2	9813.8	10907	10730	8832.6	6072.3	6166.5	4181.5	17658	30415	8614.3	17644	27729
5294.3	17969	14775	3588.7	9721.3	10879	10771	8856.1	6065.7	6104.6	4201.8	17712	30397	8654.9	17758	27111
5153.2	17021	14135	3508.2	9413.8	10488	10447	8611.8	5918.2	6056.6	4101.3	16894	28077	8365.1	16835	25639
5158.1	17048	14252	3508.7	9438	10529	10555	8658.7	5942.4	6119.6	4126.8	16981	28154	8411.5	16904	25745
5230.6	17690	14636	3557	9603.7	10798	10827	8861.4	6082.2	6256.5	4206.3	17601	29955	8604.2	17443	26713
5251.7	17784	14754	3573.1	9627.1	10860	10896	8889	6089.7	6242	4214.3	17605	29938	8619.4	17506	26882
5278.6	17809	14759	3576.5	9644.7	10869	10905	8941.8	6099.6	6295.1	4226.2	17859	30310	8707.2	17769	26961
5315	18031	14972	3602.4	9730.2	10969	11095	9036.6	6155.6	6344.4	4258.7	18116	30556	8761.2	17896	27402
5213.1	17524	14546	3550.7	9522.5	10793	10882	8848.3	6061.5	6156.4	4188.9	17384	29023	8561.5	17270	25931
5218	17436	14609	3562.8	9525.4	10755	10933	8923.3	6068.1	6174.1	4202.4	17591	29055	8585.3	17366	25984
5288.6	17784	14846	3589.7	9674.1	10872	11091	9016.5	6134.7	6235.1	4231.3	17925	29870	8680.3	17676	26989
5297.1	17838	14936	3601.9	9691.8	10973	11161	9052.8	6139.7	6351.4	4235.3	17870	29870	8685.4	17748	27082
5263	17838	14697	3580.9	9627.1	10908	10996	8937.8	6105.5	6245.4	4187.2	17552	29441	8605.5	17311	26572
5263.8	17748	14773	3582.8	9640.3	10901	11068	8948.4	6101.3	6181.7	4183.2	17524	29079	8592.9	17318	26698
5392.8	18624	15369	3654.3	9839.4	11224	11440	9187.5	6240.2	6453.3	4305.2	18436	31335	8925.9	18311	27963
5298.5	17943	14953	3612.3	9749.6	11047	11360	9112.3	6205.4	6229.2	4253.5	17932	29650	8707.2	17651	26953
5351.5	18307	15257	3636.5	9786.9	11177	11496	9251	6261.6	6479.1	4313.9	18486	30959	8903.5	18150	27380
5381.2	18574	15383	3656.3	9800.3	11229	11513	9179.3	6240.2	6432.1	4301.2	18322	30896	8908.7	18251	27796
5299.3	17726	14813	3601.5	9649.1	10908	11287	9085.2	6186.8	6310.6	4249.5	17943	29549	8674	17612	26635
5286.4	17784	14925	3594.1	9628.6	10962	11320	9048.7	6187.6	6240.2	4226.2	17676	29317	8684.2	17398	26496
5368.1	18559	15499	3659.8	9863.5	11296	11710	9266.3	6302.9	6438.2	4319.1	18352	30941	8915.3	18124	27572
5399.3	18652	15478	3687.3	9898.4	11313	11712	9375.6	6311.5	6376.7	4301.8	18501	30797	8877.1	18109	27879
5287.9	18002	15088	3607.4	9615.4	11082	11494	9136.9	6205.4	6316.7	4255.2	17744	29391	8739.3	17640	26385
5325.7	18061	15074	3625.1	9668.2	11072	11470	9191.7	6228.3	6446.2	4257.5	18031	29650	8752.2	17615	26854
5244.7	17737	14983	3589.7	9555.8	10973	11485	9064.9	6175.8	6309.8	4218.8	17485	28678	8666.3	17266	25864
5248.9	17697	14939	3579.9	9511	10973	11528	9131.4	6186.8	6268.5	4256.9	17676	28845	8708.5	17391	25699
5435	18967	15767	3684.8	9857.5	11421	11975	9418.1	6353.1	6399.5	4362.8	18714	31624	9062.2	18509	27887
5412.4	18698	15633	3683.8	9912.1	11431	12043	9531.2	6410	6508.5	4372.2	18808	31233	8995.1	18333	27796
5312.8	17899	15019	3605.4	9581.9	10980	11580	9194.4	6226.6	6309.8	4272.4	17969	29226	8787.1	17623	26241
5310	18098	15044	3617.7	9630	11107	11675	9290	6279.6	6451.5	4279.3	18075	29516	8784.5	17601	26385
5424.8	18574	15577	3692.3	9875.6	11359	11983	9495.2	6386.3	6537.3	4347	18694	30797	8963.1	18288	27706
5402.2	18555	15604	3676.8	9807.8	11366	12085	9511	6374.1	6506.7	4353.5	18667	30397	9009.8	18213	27380
5474.7	19095	16039	3733.7	9996.2	11611	12329	9669.7	6448.9	6536.4	4391.6	19051	31409	9142.3	18691	28216
5475.5	18859	15941	3721	9913.6	11490	12304	9684.4	6452.4	6572.5	4409.9	19200	31400	9151.9	18640	28116
5464.4	18983	15902	3729.6	9962.5	11543	12319	9668.2	6458.6	6632.5	4399.3	19031	31418	9105.6	18683	28123
5457	19031	15782	3703.9	9899.9	11544	12243	9630	6456	6587	4389.8	19019	31381	9115.1	18360	27766
5417.5	18694	15657	3687.3	9840.9	11445	12239	9611	6448	6647.2	4378.1	18804	30761	9050.1	18266	27380
5410.9	18777	15800	3681.8	9815.3	11479	12339	9587.7	6454.2	6561.6	4398.1	18733	30932	9111	18251	27169
5378.3	18566	15580	3681.8	9722.8	11381	12173	9496.6	6372.3	6564.3	4355.8	18451	29913	9020.5	18135	26840
5394.9	18493	15566	3676.3	9731.7	11394	12208	9526.9	6403.9	6498.7	4360.5	18593	30084	9004.4	18046	26861
5415.3	18636	15830	3705.9	9840.9	11492	12425	9663.8	6442.7	6499.6	4384.5	18773	30153	9081.1	18292	27191
5449.7	18765	15857	3723.6	9883.2	11490	12479	9703.6	6475.5	6617.9	4404	18975	30556	9100.1	18516	27380
5446.8	18644	15845	3719.5	9921.2	11539	12585	9780.9	6518.4	6647.2	4428.8	19136	30601	9089.3	18428	27580
5422.6	18702	15884	3705.4	9813.8	11535	12526	9699.1	6511.2	6684	4418.8	18828	30618	9109.6	18307	27213
5367.4	18390	15633	3687.8	9696.2	11429	12389	9606.7	6419.7	6640.8	4371.6	18444	29458	9021.9	18050	26489
5387	18497	15767	3689.8	9765.9	11451	12481	9600.8	6443.6	6504.1	4364.6	18364	29541	9015.1	17980	26489
5507.3	19307	16297	3760.1	10018	11804	12877	9916.6	6615.2	6764	4477.2	19369	31766	9301.2	18848	28139
5508.8	19373	16429	3764.2	10002	11853	13010	9941	6626.1	6714.6	4493.4	19356	31709	9313.7	18923	28116
5408	18364	15675	3687.8	9668.2	11366	12450	9660.8	6443.6	6536.4	4384.5	18679	29633	9069	18157	26413
5414.6	18566	15657	3697.8	9765.9	11457	12523	9724.3	6505.8	6536.4	4398.7	18761	30007	9056.8	18101	26642
5520.7	19348	16278	3756	9983.9	11797	12862	9877.2	6597.9	6799.7	4458	19254	31493	9337.6	18761	28131
5500.6	19160	16356	3767.3	9942.6	11779	13024	9991.6	6612.4	6681.3	4491	19435	31206	9334.8	18848	27557
5555	19506	16648	3807.8	10089	11937	13239	10113	6665.6	6746.3	4521.2	19767	31794	9411	19245	28402
5565.5	19627	16480	3788.3	10055	11920	13125	10064	6679.4	6763.1	4512.2	19866	32062	9440.8	19063	28386
5545.3	19377	16496	3789.8	10050	11869	13253	10171	6712.7	6901.5	4541.9	20017	31899	9438	19164	28278
5564	19543	16493	3787.2	10078	11916	13214	10138	6716.5	6822.4	4535.2	19823	32091	9422.3	19083	28247
5537.8	19402	16496	3786.2	9994.7	11859	13200	10095	6664.7	6806.3	4507.9	19737	31418	9415.2	19019	27978
5532.6	19303	16442	3777	10036	11890	13301	10155	6714.6	6908.2	4537	19737	31372	9392.6	18935	27910
5493.9	19067	16221	3761.1	9868.1	11746	13075	10005	6617	6704.4	4471.8	19213	30592	9298.4	18648	27003
5511.7	19091	16168	3761.1	9931.9	11750	13132	10053	6673	6761.2	4491	19377	30824	9288.6	18652	27271
5523.6	19323	16410	3773.4	9956.3	11839	13237	10072	6679.4	6809.2	4499.5	19418	31105	9361.5	18726	27506
5522.9	19514	16580	3789.3	9982.4	11935	13424	10114	6699.8	6795	4524.9	19418	31132	9402.5	18923	27491
5604	19849	16978	3839.4	10130	12107	13691	10341	6781.8	6943.8	4586.5	20162	32120	9579	19493	28543
5586.6	19887	16941	3838.9	10133	12224	13802	10377	6835.6	6917.8	4593.3	19978	32168	9547.1	19360	28270
5474	18859	16125	3759.1	9868.1	11768	13329	10111	6684	6917.8	4509.7	19278	30015	9284.4	18582	26882
5488.8	19071	16331	3764.7	9824.3	11798	13352	10083	6675.7	6809.2	4517.6	19311	30389	9381.2	18702	26925
5530.4	19192	16461	3784.2	9889.3	11830	13455	10180	6716.5	6898.6	4545.5	19648	30824	9450.8	18955	27329
5552.8	19439	16375	3796	9980.9	11882	13441	10205	6761.2	6916.8	4524.9	19678	31178	9413.8	18863	27476
5645.8	20255	17045	3853.5	10221	12319	13900	10461	6895.7	7107.4	4620.5	20424	32980	9705.1	19585	29136
5642	20317	17143	3858.2	10186	12315	14007	10450	6894.7	6966.1	4629.1	20339	33051	9708	19703	28757
5508	19079	16271	3766.2	9866.6	11754	13373	10109	6689.6	6837.5	4495.9	19258	30033	9337.6	18621	26932
5499.1	18971	16178	3774.9	9874.1	11764	13382	10145	6724.8	6940	4502.5	19262	30136	9319.3	18593	26918
5619.1	19969	16984	3837.3	10103	12155	13868	10401	6854.6	7005	4600.7	20056	32014	9635.9	19373	28262
5619.9	20026	16921	3842.5	10131	12194	13979	10483	6909.1	7046.2	4627.3	20312	32275	9665.2	19497	28293
5648.8	20206	17208	3876.5	10236	12377	14272	10693	6988.4	7091.6	4672.1	20725	32759	9770.4	19712	28630
5643.5	20308	17252	3869.7	10210	12454	14319	10617	7004	7071.8	4668.4	20379	32749	9748.1	19556	28449
5572.3	19510	16710	3824.4	10016	12089	13922	10409	6838.5	7058	4585.9	19819	30860	9545.6	19059	27684
5591.1	19560	16798	3837.8	10069	12131	14027	10471	6871.8	6980.6	4592.7	19892	30860	9535.5	19091	27721
5520.7	19071	16334	3777.5	9863.5	11853	13676	10272	6808.2	7018.7	4576.1	19522	30336	9455.1	18761	26840
5567.8	19311	16583	3814	9985.5	11963	13851	10375	6837.5	6971.9	4582.2	19767	30654	9503.8	18995	27344
5657.2	20118	17068	3875.9	10160	12273	14206	10607	6973.8	7205.6	4660.3	20456	32373	9734.7	19733	28402
5666.4	20228	17160	3870.2	10191	12395	14334	10662	7011.8	7144.3	4684.7	20624	32490	9776.4	19602	28332
5730.4	20803	17520	3919.1	10359	12587	14620	10853	7117.4	7221.8	4727.5	21080	33628	9931.9	20026	29243
5724.9	20565	17633	3916.5	10341	12517	14689	10822	7058	7234	4727.5	20929	33030	9890.8	20153	29325
5627.5	19969	16971	3874.4	10139	12294	14254	10646	6976.8	7098.5	4625.4	20131	31279	9612.5	19168	27932
5595.7	19797	17001	3866	10069	12288	14347	10634	6963.2	7043.2	4655.3	20083	31068	9669.7	19340	27617
5536.3	19331	16619	3810.4	9916.6	12053	14112	10447	6918.7	7078.7	4617.4	19674	30592	9558.7	18733	26734
5585.9	19356	16687	3837.8	10043	12117	14249	10570	6961.2	7044.2	4638.5	19896	30389	9535.5	18935	27140
5685.6	20224	17415	3911.2	10229	12458	14703	10850	7070.8	7214.7	4714.9	20757	31994	9839.4	19827	28765
5669.5	20215	17457	3918.6	10234	12562	14767	10853	7076.7	7178.4	4718.1	20474	31823	9812.3	19780	28139
5735	20841	17830	3932.9	10401	12753	15016	10935	7191.5	7295.2	4752.3	20882	33214	10007	20043	29120
5745.9	20789	17733	3933.5	10327	12636	14906	10888	7158.3	7228.9	4756.1	20864	33173	9962.5	20078	28877
5671	20153	17446	3904.9	10191	12454	14713	10786	7048.1	7152.3	4704.8	20465	31484	9828.9	19691	28085
5662.6	20295	17492	3914.4	10232	12617	14939	10903	7144.3	7249.2	4756.1	20638	32043	9896.9	19866	28169
5590.4	19725	17028	3847.2	10043	12308	14493	10624	7034.4	7111.4	4654.6	19784	30601	9687.3	18911	27054
5613.8	19883	17058	3861.8	10072	12377	14564	10711	7086.6	7267.6	4692.8	20122	31279	9770.4	19136	27447
5686.3	20375	17517	3913.3	10242	12579	14892	10903	7160.3	7345.6	4737.7	20565	32091	9899.9	19678	28293
5683.3	20268	17443	3897.5	10198	12488	14751	10767	7097.5	7213.7	4714.3	20241	31521	9843.9	19497	27925
5729.6	20533	17726	3953.7	10272	12594	15058	11017	7161.3	7239	4773.4	20990	32343	9997.8	20100	28465
5742	20711	17619	3939.3	10295	12684	15024	11026	7210.7	7395.5	4784.9	21051	32739	9996.2	19987	28670
5667.2	20263	17332	3913.8	10193	12536	14854	10914	7148.3	7353.9	4732.6	20483	31652	9839.4	19510	27970
5704.1	20335	17499	3928.1	10202	12587	15036	11024	7206.6	7307.5	4782.3	20873	32187	9977.8	19857	27902
5633.6	19737	17092	3887.5	10067	12311	14775	10853	7094.5	7210.7	4718.7	20326	30574	9773.4	19266	27234
5661	20263	17401	3895.9	10078	12460	14922	10829	7130.3	7345.6	4764.4	20406	31699	9924.2	19712	27602
5735	20688	17492	3935	10272	12628	15016	11036	7240.1	7449.9	4777.2	21000	32609	9999.3	19935	28324
5644.2	19930	17181	3886.4	10049	12366	14700	10755	7087.6	7257.4	4703.5	20030	30752	9834.9	19307	27315
5759.1	20981	17994	3974	10367	12908	15444	11141	7275.7	7378.8	4820.9	20967	32619	10111	20255	28686
5781.8	20864	17870	3974	10385	12787	15397	11177	7284.9	7408	4828.7	21280	32819	10135	20277	28877
5813.2	21242	18202	4000.4	10494	13006	15663	11273	7392.3	7540	4867	21469	33849	10247	20624	29566
5856.7	21353	18172	4007.9	10503	12988	15695	11366	7422.6	7551.8	4899.8	21866	34041	10295	20808	29751
5728	20492	17566	3939.3	10237	12686	15209	11072	7275.7	7383	4806.1	20967	32004	10029	19737	28116
5756	20624	17605	3958.5	10291	12641	15172	11091	7278.8	7322.9	4786.2	20868	32120	9999.3	19922	28223
5769.3	20962	18072	3984.2	10413	12959	15695	11285	7393.4	7508.1	4859.9	21127	32679	10145	20149	28662
5785.7	20920	17845	3980.5	10401	12882	15531	11318	7392.3	7461.5	4870.3	21377	32960	10139	20193	28654
5836.1	21329	18428	4024.7	10489	13044	15996	11513	7463.6	7576.4	4935.3	21997	33691	10353	20817	29458
5868.6	21518	18375	4018.2	10546	13116	15842	11419	7475.2	7673.9	4905	21731	34094	10353	20739	29896
5763.8	20789	17838	3955.8	10267	12777	15400	11114	7307.5	7408	4819	20822	32158	10141	19952	28309
5767.7	20633	17758	3979.4	10374	12816	15639	11311	7395.5	7393.4	4847.5	21085	31861	10055	19956	28270
5818.7	21123	18061	3999.3	10443	12946	15812	11419	7456.3	7542.2	4916.9	21681	33265	10285	20533	28982
5814	21228	18262	4012.3	10387	13004	15917	11403	7421.6	7630.4	4922.8	21577	33142	10332	20720	28982
5775.5	20873	17976	3988.5	10322	12915	15794	11414	7435.2	7623.9	4909.6	21567	32799	10301	20397	28465
5871	21533	18394	4042.1	10609	13241	16253	11649	7578.6	7849.8	4969.2	22125	33849	10426	20906	29777
5752.9	20739	17773	3986.9	10311	12869	15630	11371	7400.7	7590.4	4862.5	21218	32081	10138	20074	28402
5788.8	20739	18028	4000.4	10291	12820	15770	11401	7393.4	7567.8	4900.4	21479	32236	10244	20321	28410
5829.8	21170	18202	4010.1	10416	13008	15836	11399	7448.9	7701.2	4896.5	21430	32949	10311	20433	29185
5836.1	21180	18039	4004.7	10404	12933	15782	11432	7480.5	7570	4903.7	21617	33051	10283	20429	28773
5846.4	21372	18432	4042.1	10491	13189	16162	11599	7508.1	7613.1	4936.7	21631	32970	10359	20656	29161
5829.8	21261	18311	4028	10442	13098	16178	11628	7541.1	7616.3	4952.6	21921	33061	10370	20628	28998
5827.4	21280	18269	4009.5	10424	13069	15993	11442	7476.3	7708.9	4918.8	21406	32799	10351	20438	29088
5828.2	21285	18098	4017.1	10443	13143	16045	11611	7563.6	7724.3	4944	21795	33132	10312	20272	28670
5927.1	22068	18687	4074.4	10681	13462	16522	11874	7691.3	7748.5	5008	22462	34572	10503	20924	29896
5907.8	21795	18644	4078.2	10664	13422	16632	11859	7683.7	7859.9	5014.1	22311	33839	10521	21014	29709
5759.1	20642	17705	3965.4	10220	12814	15686	11333	7422.6	7533.6	4877.5	21085	31456	10188	19750	27654
5773.2	20813	17932	3988	10264	12888	15755	11333	7412.2	7530.4	4872.2	20896	31437	10221	19952	27910
5870.2	21607	18474	4059	10570	13313	16385	11735	7608.7	7701.2	4963.9	21901	33091	10445	20610	29350
5875	21765	18687	4065.6	10504	13276	16442	11679	7578.6	7656.4	4986.6	21815	33245	10501	20882	28982
5880.6	21736	18528	4048.1	10527	13338	16420	11725	7645.6	7679.3	5001.3	22084	33597	10539	20725	29128
5863.1	21636	18520	4039.4	10473	13257	16372	11662	7599	7657.5	4981.2	21750	33276	10511	20596	28638
5883	21489	18590	4066.7	10499	13212	16436	11779	7588.3	7786.2	4994.6	22104	33030	10531	20948	29350
5887	21523	18482	4062.3	10526	13237	16439	11802	7648.8	7725.4	5026.9	22073	33183	10484	20887	28893
5925.4	22089	18777	4079.8	10634	13533	16720	11937	7751.8	7944.8	5053.2	22431	34441	10693	21108	29879
5900.6	21886	18563	4068.9	10532	13317	16445	11798	7667.3	7844.2	5008.7	22207	33670	10610	21051	29400
5959.3	22114	18832	4099.7	10683	13502	16788	12027	7779.5	7997.5	5087.2	22803	34716	10730	21523	30153
5897.4	21896	18757	4074.4	10590	13457	16635	11867	7689.2	7894.9	5024.2	22125	33451	10619	20967	29625
5899	21805	18698	4080.4	10565	13422	16596	11847	7669.5	7934.6	5015.4	22028	33234	10595	20924	29366
5907.8	21755	18578	4082.6	10602	13417	16729	11963	7729.8	7876.8	5034.9	22161	33091	10562	20910	29267
5887	21567	18394	4055.7	10478	13257	16322	11775	7647.7	7891.5	4993.9	21916	32970	10514	20624	28926
5850.3	21319	18501	4058.5	10409	13198	16564	11859	7640.1	7802.9	5029.5	21982	32382	10542	20762	28363
5962.6	21851	18915	4104.6	10582	13375	16739	11989	7704.5	7765.1	5047.8	22425	33399	10684	21175	29483
5940.8	21982	18983	4104.6	10572	13429	16779	12003	7696.8	7809.6	5058	22394	33327	10738	21175	29383
5848.8	21280	18447	4067.8	10422	13209	16554	11914	7649.9	7737.5	5017.4	21946	32062	10506	20583	28418
5868.6	21557	18543	4068.9	10460	13287	16570	11804	7644.5	7704.5	4997.3	21676	32353	10536	20665	28583
5838.5	21256	18482	4059.6	10426	13306	16561	11865	7625	7834.1	5009.4	21543	31804	10501	20551	28146
5910.2	21691	18753	4103	10554	13359	16736	11991	7687	7865.6	5041	22120	32510	10587	20939	28829
6011.4	22712	19402	4159.1	10814	13826	17218	12224	7855.4	7934.6	5112.6	22765	34278	10870	21602	30301
5984.5	22525	19385	4144.6	10781	13824	17318	12261	7893.8	7998.6	5133.2	22690	34234	10851	21460	29861
6014.7	22446	19319	4152.4	10745	13756	17283	12319	7888.1	7971.1	5149.8	23130	34738	10950	21876	30050
6021.2	22515	19485	4175.4	10798	13766	17366	12377	7885.8	8054	5151.8	23269	34506	10962	21911	30389
5977.2	22155	19172	4147.9	10716	13590	17126	12206	7780.6	7887	5096.1	22589	33153	10744	21406	29466
5960.2	22022	18883	4125.7	10637	13549	16991	12228	7837.5	8002.1	5126.3	22728	33733	10766	21372	29333
5878.2	21636	18718	4090.3	10506	13493	16941	12079	7805.1	8007.8	5089.3	22109	32789	10669	20841	28654
5923	21736	18617	4100.8	10584	13457	16815	12125	7809.6	7897.1	5077.7	22238	32869	10639	20850	28575
5833.7	21189	18179	4054.1	10417	13246	16490	11953	7712.2	7924.3	5018.8	21656	31756	10480	20317	27759
5844.8	21228	18254	4062.9	10413	13260	16554	12003	7703.4	7906.2	5024.8	21790	31690	10524	20465	28116
5999.2	22410	19083	4141.8	10706	13719	17109	12300	7875.7	8102.9	5126.3	22868	33892	10882	21391	29887
5986.9	22368	19241	4141.8	10752	13770	17287	12300	7913	7982.5	5120.1	22488	33660	10858	21271	29524
6004.1	22797	19414	4159.7	10752	13885	17425	12350	7923.2	8180.5	5160.8	22873	34419	10987	21716	29785
6013.9	22541	19418	4181	10796	13876	17513	12467	7922.1	8062.1	5153.2	22868	33860	10936	21671	29802
5870.2	21553	18490	4099.1	10463	13420	16729	12047	7730.9	7872.3	5030.9	21671	31540	10552	20474	27925
5849.6	21411	18436	4062.3	10403	13385	16756	11993	7751.8	7942.5	5056.6	21686	31756	10661	20456	27902
6009.8	22776	19406	4162.5	10721	13905	17520	12446	7938	7991.7	5182.4	22922	34159	10999	21691	29491
6022.9	22808	19286	4168.6	10781	13952	17492	12536	7995.2	8129.8	5181	23202	34321	11006	21533	29743
5928.7	21775	18710	4123.5	10559	13521	17025	12278	7858.8	8116.9	5135.9	22467	32839	10784	21142	28622
5939.1	21977	18967	4137.9	10610	13664	17273	12341	7867.8	8079.6	5124.9	22457	32510	10839	21165	28998
6008.1	22311	19241	4158	10642	13674	17287	12377	7883.6	7999.8	5146.3	22765	33204	10945	21450	29194
6010.6	22562	19290	4150.2	10696	13805	17311	12331	7922.1	8146.3	5144.2	22589	33649	11003	21479	29533
6059.1	23202	19913	4220.5	10901	14145	17994	12638	8050.5	8231.5	5232	23202	34572	11137	22109	30102
6037.6	22862	19776	4209.7	10848	14122	17958	12727	8026.3	8244.6	5235.5	23208	34202	11143	22068	30102
5982.9	22238	19258	4172	10620	13659	17384	12450	7884.7	8054	5156.7	22771	32809	10947	21460	28934
5960.2	22311	19217	4160.8	10625	13809	17552	12444	7941.4	8005.5	5171.9	22420	32909	10915	21304	28709
6027	22557	19286	4182.7	10795	13922	17715	12604	8022.8	8206.5	5199.8	23064	33513	11004	21691	29684
6068.1	22765	19589	4205.2	10846	13917	17708	12604	8009	8141.6	5197	23081	33733	11038	21795	29785
6105.5	23286	19861	4224.5	10954	14229	18075	12803	8148.6	8203	5262.3	23602	34916	11229	22104	30574
6119.6	23191	19883	4235.8	10950	14087	18035	12798	8084.2	8193.5	5259.5	23728	34694	11224	22389	30752
5929.5	21851	18959	4142.9	10550	13642	17266	12337	7856.6	8039	5119.4	22079	31737	10843	20957	28185
5972.3	22017	19039	4157.4	10629	13614	17342	12427	7911.9	8113.4	5150.4	22515	32226	10872	21232	28717
5892.6	21597	18745	4128.5	10452	13471	17211	12375	7861.1	7957.4	5138	22311	31568	10812	20906	27736
5951.3	21936	18927	4143.5	10597	13607	17314	12398	7885.8	8063.3	5131.8	22259	31918	10838	21070	28504
6039.3	22744	19598	4207.5	10820	14064	17907	12748	8064.5	8280.5	5232	23086	33649	11134	21931	29675
6089.7	23420	20022	4233	10886	14234	18269	12840	8139.2	8285.3	5315.7	23602	35073	11337	22488	30058
5974.8	22207	19043	4164.2	10647	13724	17394	12454	7953.9	8136.9	5167.1	22389	32500	10943	21256	28630
5959.3	22337	19160	4161.4	10656	13846	17555	12437	7978	8225.5	5176.8	22311	32540	11015	21261	28606
6000	22494	19091	4172	10667	13783	17464	12513	7998.6	8121.6	5178.2	22631	32789	11015	21304	28583
6039.3	22425	19209	4187.2	10752	13829	17680	12634	8078.4	8172.2	5233.4	22976	33255	11057	21631	29039
6013.1	22653	19431	4194.5	10755	14039	17907	12686	8094.7	8339.6	5242.6	22771	33358	11102	21760	29104
6044.2	22911	19493	4221.6	10824	14059	17932	12779	8099.4	8212.5	5228.5	22895	33142	11063	21607	29185
5964.2	22089	19071	4171.4	10624	13734	17630	12600	8022.8	8077.2	5204.7	22615	32226	10971	21165	28200
5980.4	22181	19099	4164.2	10620	13797	17662	12587	8028.6	8086.6	5216.6	22525	32363	11008	21333	28316
6061.5	22771	19623	4214.8	10812	13989	17976	12733	8097	8274.5	5252.4	23119	33337	11198	21906	29483
6066.5	22884	19476	4215.4	10800	14049	17878	12768	8123.9	8237.5	5258.1	23235	33493	11182	21631	29458
6163.2	23820	20135	4274.7	11096	14535	18601	13191	8337.2	8393.2	5341.5	24060	35334	11401	22394	30601
6138	23757	20375	4278.7	11047	14559	18855	13175	8346.9	8574	5391.3	23954	35437	11509	22663	30654
5975.6	22389	19221	4177	10589	13809	17730	12579	8035.5	8334.8	5244	22557	32669	11100	21474	28262
6004.1	22171	19172	4185.5	10657	13773	17776	12703	8065.6	8135.7	5245.4	22808	32226	11052	21358	28449
6165.7	23884	20366	4286.2	11116	14538	18718	13118	8330	8522.7	5366	23943	35164	11524	22605	30950
6155.6	23867	20281	4300.6	11100	14561	18730	13198	8331.2	8432.4	5356.6	23913	34793	11466	22483	30424
6011.4	22446	19262	4185.5	10676	13868	17669	12598	8059.8	8338.4	5213.1	22425	32255	11084	21232	28773
5988.6	22264	19144	4187.2	10688	13844	17816	12666	8080.7	8336	5238.4	22467	32178	11049	21377	28496
