18191	59726	41995	15133	45218	45218	38635	43820	33296	33998	27300	43669	66601	27895	53913	36257
19011	65146	44900	15651	49228	48532	40873	47541	35277	35472	28426	47309	74846	29235	58707	39054
18967	64938	43837	15545	49104	47405	40059	47193	35529	35703	28472	48111	76223	29023	58167	39041
17892	57803	40550	14792	43077	42866	36680	40829	31947	33000	26201	41519	63682	27227	50675	35243
18068	56952	40492	14873	43371	42277	36437	41933	31937	31947	26310	43077	64321	27432	51744	35691
18254	58793	41022	14991	44936	43586	37362	43223	33030	34030	27075	44090	67148	27565	53116	36126
18161	59549	41825	15041	44621	44621	38067	43109	32839	33020	26932	43421	66492	27662	53742	36329
17766	56123	40245	14843	42963	43012	36741	41856	31756	32689	26228	41702	61897	26939	51005	34927
17914	57388	39818	14873	43803	42786	36269	42403	32139	32679	25937	42673	63383	26840	50544	35738
18292	60901	41216	14983	45775	45486	37540	43820	33276	33892	26670	44329	67555	27864	52387	36631
18090	59874	41641	14947	44090	43938	37350	42230	32343	32589	26691	43338	66564	27774	53212	36257
17918	55679	39846	14743	42625	41610	35645	41276	31372	31690	25924	42625	62761	27249	50938	35300
18330	59963	41171	15033	45504	44329	37124	43520	33051	32990	26833	44397	67481	27729	53045	36377
18228	59256	41126	15091	45396	43904	37025	43289	32560	33061	26461	44141	66204	27528	53307	37087
18061	57831	40419	14966	44432	42882	36198	42435	31947	32158	26085	43338	64253	27198	52271	36486
18501	62632	42562	15100	46122	45504	37552	43736	32960	32929	26896	45271	69386	28309	54934	37603
18254	60595	41687	15049	45702	45023	37489	43736	33041	33368	26727	44865	68118	28077	53235	37174
18911	65355	44988	15548	48171	46812	39481	46793	33839	34224	27879	48572	73472	29391	59111	39260
18816	65883	44226	15420	49001	48131	39384	46869	34364	34638	27528	47639	73472	28901	57251	39081
18663	64423	43322	15337	47386	46474	37963	44971	33245	33818	26911	46325	70863	28465	55835	38502
18597	65111	43988	15289	46756	46362	38649	45094	33142	33681	27520	46869	72996	28934	57971	38356
17958	57142	40375	14746	43586	42042	35715	41367	31059	33000	25818	42802	62567	27082	51972	35691
17816	57251	39523	14604	43223	42786	35220	41051	31326	31446	25561	42625	63284	27234	50155	35334
18232	62024	42514	15033	46344	45486	37489	43256	32412	33020	26324	44022	67444	28177	53718	36950
18360	60444	42562	15049	46085	44363	37274	43553	31823	32333	26427	44726	65671	27842	54732	37237
18875	65495	44039	15423	49415	47561	39232	46662	33839	34495	27520	47736	72187	28910	57859	38986
18749	64423	43586	15340	48191	46530	38277	46270	33534	33860	27535	47973	73735	28813	58167	38635
17580	55835	39945	14652	42562	42371	35368	41231	30345	30923	25424	41580	60535	26804	50784	34882
17701	56018	40016	14660	42947	42403	35209	41231	30310	30815	25296	41902	61023	26953	50828	35289
17672	56575	39874	14519	43060	42450	34950	40696	30699	31224	25143	41473	61614	26918	49331	35186
18551	63350	42882	15083	47444	46104	37062	44107	32373	33061	26241	45504	69308	28309	54682	38080
18470	60656	42340	14977	45775	45630	36656	36839	32158	32120	26545	46177	69582	28386	55317	37590
17794	40858	41081	14964	39903	45432	35785	20206	32110	32275	26221	45343	68804	27804	54557	37451
13802	15487	32639	14509	19472	41902	32081	6504.1	30258	29458	24985	46381	63950	24935	55523	36827
11828	11399	28379	13573	12696	36221	31142	4339.5	30424	30681	24400	48072	51271	21841	55317	35380
8852.2	7008.9	20210	10153	6925.5	16141	24835	2824.6	28449	26769	21089	46530	27373	13424	38810	28070
7824.1	5965	16971	8727.7	5712.6	11027	20679	2564.4	26399	25213	18812	44039	21256	9486.6	27047	24190
6524.7	4942	13280	6823.3	4622.9	6520.2	15147	2253	23774	22744	16178	43322	15418	6537.3	14966	21911
6242	4737.7	12377	6283.1	4469.4	5574.6	13364	2207.5	22771	22536	15055	45558	14097	5821.9	11771	20929
5618.4	4414	10160	5135.9	4135.1	4427.7	10251	2087.6	18855	18899	12534	44535	11565	4878.1	7891.5	18836
5201.9	4210.9	9066.3	4639.1	3993.4	4022.5	8887.6	2004.5	15993	15860	10757	37667	10266	4548	6592.4	17408
4882.7	4093.1	7966.5	4164.7	3892.2	3687.8	7423.7	1985.4	12897	13123	8865.3	35691	9227.5	4328.4	5656.5	16297
4900.4	4184.9	7791.7	4062.9	3971.3	3695.3	7152.3	2050.3	12155	12121	8374.9	37400	9112.3	4381	5603.2	16841
4660.3	4131.2	6930.3	3740.8	3939.3	3580.9	6277	1979.6	9801.8	9767.4	6875.6	32909	8330	4324.3	5337.2	16309
4558.3	4165.8	6609.7	3626.1	3943.6	3546.3	5829.8	1952.1	8753.5	8972.4	6243.7	30923	8095.9	4298.9	5322.8	15987
4425.9	4160.8	5958.5	3400.7	3926.6	3497.2	5205.4	1942	7327.1	7417.4	5225	26968	7651	4236.4	5302.8	15560
4274.1	4085.9	5570.8	3226.8	3868.1	3413.3	4806.7	1920.1	6607.9	6587	4690.3	23471	7305.4	4122.4	5125.6	14792
4162.5	4084.8	5151.1	3094.7	3932.4	3385.7	4371.6	1953	5848.8	5933.5	4099.1	20447	7058	4076	5085.9	14527
4161.4	4154.1	5003.3	3053.3	3979.9	3402.5	4242.7	1965.1	5558.8	5536.3	3887.5	19410	7056	4131.2	5119.4	14708
4063.9	4168.1	4649.7	2929	3988	3402.1	3986.4	1939.5	5065.4	5131.1	3535.2	16931	6903.4	4193.9	5086.6	14638
4127.9	4262.7	4562	2923.2	4104.6	3481.4	3935.6	1927.6	4917.5	4956.6	3452.9	16480	7024.6	4258.7	5204.7	15266
4034.5	4329	4304.7	2812.6	4067.2	3480.5	3770.8	1915.4	4597.6	4603.2	3212	14376	7056	4314.5	5218.7	15133
3959.6	4298.3	4096.9	2720	3984.2	3446.3	3667.8	1881.9	4375.1	4319.7	3114.2	13389	7009.9	4241.5	5164.3	14732
3931.9	4344.1	3883.8	2675.9	3999.8	3485.2	3569.2	1876.6	4148.5	4129.6	2974.4	12145	7072.8	4222.8	5244.7	14925
3938.2	4401	3800.1	2650.8	3990.7	3477.6	3531.8	1887.8	4070.5	4003.1	2910.8	11639	7194.5	4225.6	5273.7	15044
3885.4	4456.8	3618.2	2601.1	4001.4	3527.5	3463.3	1877.9	3935	4006.3	2842	10590	7336.3	4242.7	5362.4	15033
3784.7	4403.4	3491.9	2547.2	3913.8	3443.4	3358.3	1859.7	3822.3	3840.4	2748	9893.8	7306.5	4183.8	5287.9	14422
3764.2	4449.1	3351.4	2497.3	3909.1	3459.1	3322.4	1881.6	3707.4	3659.8	2682.9	9230.3	7434.2	4175.9	5304.2	14402
3807.8	4535.2	3322.4	2516.2	3978.8	3542.9	3356.5	1915.1	3724.1	3706.9	2718.8	9060.9	7596.9	4248.4	5432.1	14819
3761.6	4552.9	3185.8	2477.8	4015.5	3529.4	3277.2	1917.6	3666.8	3755.5	2665.8	8455.8	7713.3	4263.2	5471.8	14652
3716.5	4538.2	3111.1	2427.5	3946.2	3479.5	3234.4	1907.9	3585.3	3547.8	2615.2	8126.3	7706.7	4237.5	5396.4	14301
3678.8	4554.1	3029.4	2427.9	3985.8	3485.7	3203.5	1937	3554.1	3502.9	2583.6	7639	7745.2	4277.6	5460	14252
3685.8	4608.7	2989.6	2409.5	3975.1	3491.4	3167.2	1935.4	3523.1	3490.5	2573.5	7435.2	7880.2	4320.3	5483.6	14257
3656.3	4634.1	2903.7	2394	4019.8	3492.9	3124.7	1947.4	3480.5	3497.7	2546	7036.3	7909.6	4360.5	5558.8	14127
3565.3	4560.2	2809.3	2333.9	3966	3439.7	3066.6	1928.8	3406.7	3393.2	2498.5	6723.9	7769.5	4299.5	5419.7	13571
3531.8	4594.5	2758.2	2322.6	3991.2	3440.1	3049	1954	3367.1	3357.9	2495.5	6435.6	7782.8	4347	5492.5	13462
3578.9	4699.8	2744	2318.4	4039.4	3491.4	3068.3	1973.6	3367.1	3327.4	2516.2	6393.3	7925.5	4388.6	5543.1	13785
3533.7	4726.9	2699.6	2304.8	4083.1	3480.5	3044.8	1989.5	3338	3252.8	2500.3	6126.3	7961.9	4432.4	5602.5	13590
3588.7	4814.5	2706.7	2338.1	4210.9	3561.9	3076.9	2025.1	3404.4	3456.7	2539.3	6083.9	8134.5	4546.1	5742.8	13982
3578.4	4850.1	2664.3	2333.2	4265.5	3572.1	3056.3	2035.4	3346.3	3470.9	2524	5866.2	8101.7	4579.2	5798.2	13977
3531.8	4806.1	2595	2294.6	4241.5	3521.7	2997.2	2012.6	3296.8	3426.5	2485.2	5694.8	8004.4	4512.2	5724.9	13686
3513	4829.3	2547.9	2268.6	4285.6	3516.9	2967.7	2023.8	3277.7	3383.4	2490.3	5537.8	8051.7	4558.3	5766.1	13576
3549.2	4936.7	2579.9	2306.9	4383.3	3568.7	3006.9	2064.3	3312.3	3433.5	2514.7	5528.9	8253	4671.5	5895.8	13915
3507.7	4973.9	2560.3	2300.6	4432.4	3568.7	3001	2099.1	3293.1	3230.8	2491.8	5367.4	8268.5	4685.3	5879.8	13868
3507.7	5014.7	2547.2	2299.2	4474.8	3597.5	3003.5	2110.6	3294	3246.5	2502.9	5315.7	8317.9	4730.1	5941.6	13863
3484.3	5060	2525.5	2284.9	4530.3	3590.7	2995.1	2117.6	3267.3	3196.4	2500.3	5174	8346.9	4758.7	5973.9	13866
3474.3	5051.2	2469.4	2245.1	4519.4	3570.1	2941.4	2106	3230.3	3174.7	2479.7	5107.8	8293.8	4739	5920.6	13717
3456.7	5087.2	2454.8	2251.3	4614.9	3586.3	2937.7	2122.5	3219.2	3318.3	2486.7	4968.5	8310.6	4797.7	6045.9	13695
3456.7	5118	2450	2264.1	4680.3	3612.8	2948.9	2160.6	3246.5	3350.5	2501	4957.9	8385.9	4844.2	6090.5	13727
3439.7	5183.1	2450	2254.8	4756.8	3617.2	2942.3	2169.6	3231.7	3269.1	2473.8	4835.8	8443.5	4874.9	6094.6	13775
3415.6	5171.9	2417.8	2217.7	4728.8	3585.3	2915.7	2163.6	3166.8	3121.2	2464.3	4777.2	8337.2	4807.4	6059.9	13635
3402.5	5183.1	2384.7	2220.8	4819.6	3576.5	2876.6	2182.1	3182.2	3224.5	2454.4	4680.9	8437.3	4862.5	6112.9	13557
3361.6	5164.3	2357.6	2201.1	4836.5	3573.6	2866.8	2178.4	3156.6	3156.2	2429	4601.3	8339.6	4825.5	6064	13385
3373.6	5230.6	2349.8	2190.9	4916.9	3614.7	2867.2	2188.5	3136.9	3248.3	2446.8	4527.9	8398.1	4858.6	6152.3	13476
3373.2	5290	2364	2196	4955.9	3617.2	2889.3	2226.6	3154.4	3083.8	2467.2	4582.8	8541.4	4902.4	6191	13587
3397.8	5367.4	2347	2191.9	5083.1	3650.9	2866.4	2216	3145.2	3256.4	2460.2	4477.8	8601.7	4943.3	6246.2	13770
3346.8	5323.5	2333.2	2190.9	5084.5	3607.8	2846.5	2245.8	3142.6	3141.7	2450.8	4458.6	8640.9	4930.7	6222.4	13519
3346.8	5399.3	2330.7	2188.2	5174.7	3631	2843.7	2261	3132.5	3116.8	2446	4410.5	8704.6	4961.2	6259	13583
3385.7	5488.8	2349.5	2198.4	5297.1	3683.8	2855.8	2280.7	3162.4	3224.5	2466.5	4397.5	8861.4	5048.5	6372.3	13795
3366.7	5564	2360.8	2194.3	5340.8	3710.9	2892.2	2299.5	3127.3	3103.3	2481.1	4360.5	8852.2	5040.4	6434.7	13871
3322.4	5481.4	2300.2	2152.2	5320	3664.3	2817.4	2258.6	3081.3	3151.8	2428.6	4253.5	8702.1	4967.9	6305.5	13561
3313.2	5509.5	2301.6	2167	5438.7	3654.3	2813.4	2292.2	3101.6	3151.4	2421.7	4227.9	8832.6	5003.3	6389	13549
3339.8	5627.5	2334.6	2187.9	5553.5	3728.1	2867.2	2340.6	3135.1	3096	2457	4271.3	9023.2	5078.4	6456	13858
3350	5715.6	2338.8	2172	5635.9	3763.2	2877.9	2345.9	3129	3232.6	2498.5	4270.1	9157.4	5140.8	6616.1	14014
3302.7	5639.7	2312.1	2169.6	5613.8	3702.4	2823.4	2344.9	3094.7	3061.5	2426.4	4181	9001.8	5032.9	6427.6	13654
3284	5638.9	2311.4	2156.2	5678.7	3696.8	2832.3	2354.4	3071.8	3043.5	2429	4139	9000.4	5050.5	6493.3	13587
3355.1	5812.4	2346.6	2186.5	5860.7	3800.1	2900.4	2418.8	3134.3	3067.9	2500.7	4248.4	9308.2	5153.9	6676.7	14175
3365.3	5895	2353.4	2191.9	5973.1	3842	2889.8	2420.6	3147.8	3250.1	2495.1	4182.7	9416.7	5229.9	6772.5	14173
3309.1	5820.3	2325.5	2160.2	5923	3780.1	2857.1	2420.3	3106.8	3050.7	2472.3	4157.4	9325	5140.1	6640.8	13940
3321.5	5906.2	2342	2167.6	6002.4	3792.4	2846.9	2432.6	3106.8	3088.2	2462.4	4132.3	9462.3	5197	6716.5	14012
3280.4	5855.9	2323.7	2143.2	5987.8	3761.6	2829.1	2414.1	3080.4	3084.7	2446.8	4067.2	9391.1	5164.3	6671.1	13712
3312.3	5947.2	2320.5	2149.5	6112.9	3815.1	2827.9	2434	3072.6	3160.2	2457.3	4082	9426.6	5156.7	6736	14022
3374.1	6138.8	2392.9	2197.3	6311.5	3894.3	2902.1	2512.1	3156.6	3108.1	2512.1	4187.2	9884.7	5325	6949.6	14503
3378.7	6169.1	2379	2192.6	6403	3932.9	2913.2	2523.3	3153.6	3221.8	2532.6	4164.7	9878.7	5325.7	7031.4	14540
3357.4	6158.1	2385.4	2186.2	6406.5	3915.4	2905.8	2528.5	3123.8	3107.2	2510.7	4133.5	9843.9	5293.6	6986.5	14535
3340.3	6178.3	2379	2173.7	6482.6	3919.1	2890.2	2526.6	3136.9	3241.1	2515.8	4105.2	9925.8	5330	7056	14332
3283.6	6082.2	2348	2137.8	6374.9	3846.7	2854.6	2509.9	3079.5	3052	2471.2	4068.3	9737.7	5211.7	6878.5	13984
3291.8	6154.8	2362.9	2149.2	6488	3876.5	2868.1	2543.4	3094.7	3054.6	2477.8	4059.6	9822.8	5230.6	6936.1	14074
3359.2	6329.7	2406.2	2189.9	6694.2	3958.5	2890.2	2569.3	3139.5	3255.5	2506.2	4095.8	10138	5368.9	7160.3	14593
3347.7	6344.4	2420.3	2190.2	6765.9	3959	2910.3	2616.7	3155.3	3140.8	2518.8	4117.9	10217	5360.9	7156.3	14609
3309.1	6327.1	2408.7	2167.3	6732.3	3953.2	2890.6	2583.6	3132.1	3198.2	2493.3	4042.6	10099	5335.7	7098.5	14326
3332.5	6440.9	2422.1	2164.6	6783.7	3987.4	2894.7	2584.8	3110.7	3119.4	2507.3	4073.3	10253	5345.1	7186.5	14467
3282.7	6344.4	2408.4	2149.9	6750.9	3936.6	2875	2590.1	3102	3081.3	2486.7	4036.7	10194	5313.5	7105.5	14130
3294.5	6412.7	2423.9	2170.7	6868.9	3975.6	2880.3	2606.8	3109	3142.6	2483.3	4029.6	10242	5330.7	7196.5	14337
3306.4	6481.7	2436.2	2152.2	6854.6	3988.5	2890.2	2602.2	3093.4	3050.3	2491.8	4043.2	10353	5345.8	7193.5	14329
3305.9	6496	2443.8	2172	6979.7	4005.8	2883.2	2623.9	3112.5	3176	2485.2	4035.6	10387	5363.8	7279.8	14454
3375	6673.9	2482.2	2195.3	7187.5	4114	2938.9	2668.2	3158.8	3259.6	2536.7	4111.3	10669	5454.8	7433.1	14994
3368	6693.3	2486.3	2187.5	7212.7	4116.3	2940.6	2683.7	3169.4	3288.6	2552.8	4122.4	10767	5475.5	7477.4	14931
3314.6	6633.5	2473.4	2164.3	7100.5	4060.7	2915.3	2657.7	3103.8	3128.1	2499.2	4070	10590	5372.5	7341.5	14559
3320.1	6689.6	2501.8	2170.7	7128.3	4069.4	2919.8	2673.6	3111.1	3092.9	2513.6	4083.7	10720	5419.7	7428.9	14620
3424.6	6914.9	2546	2214.7	7447.8	4199.6	2983.3	2743.6	3202.7	3306.4	2591.6	4203.5	11170	5573	7690.3	15397
3411.4	6966.1	2579.5	2226.3	7481.6	4194.5	2987.9	2772.9	3217.4	3228.5	2576.1	4206.9	11315	5601.7	7701.2	15389
3323.8	6767.8	2512.5	2172.7	7288	4105.7	2909.5	2710.6	3145.2	3184.9	2509.2	4099.7	10905	5440.2	7479.5	14670
3337.5	6848.9	2537.8	2174	7314.7	4139.6	2951.4	2738.9	3129.5	3156.6	2548.7	4131.2	10987	5440.2	7593.6	14756
3439.2	7084.6	2604.1	2236.2	7669.5	4240.4	2997.2	2812.1	3231.2	3346.8	2589.7	4232.4	11511	5613.1	7858.8	15607
3446.7	7175.4	2641.2	2233.8	7699	4287.4	3028.5	2833.5	3214.7	3236.2	2592.7	4252.4	11569	5610	7878	15791
3393.6	7020.6	2603.4	2210.6	7588.3	4216	2975.3	2796.5	3176.9	3282.7	2574.2	4200.7	11298	5525.1	7804	15311
3378.3	7101.5	2639.6	2219.1	7642.3	4246.1	2994.2	2828.3	3196.9	3222.7	2558.8	4188.9	11462	5543.8	7814	15274
3404.9	7150.3	2634.7	2209.2	7664.1	4265.5	2998	2824.2	3183.6	3218.3	2568.6	4216.5	11520	5528.1	7855.4	15374
3387.1	7136.3	2659.7	2222.9	7725.4	4276.4	3014.5	2853.4	3210.2	3322.4	2581.4	4213.7	11501	5554.3	7916.4	15357
3431.6	7268.6	2700.8	2239.6	7846.5	4328.4	3026.8	2870.9	3234.4	3361.6	2591.2	4252.9	11766	5629	8014.7	15746
3414.2	7314.7	2719.2	2237.6	7817.4	4335.4	3055	2917.4	3240.2	3213.3	2604.5	4303.5	11908	5641.2	8047.1	15604
3386.6	7259.4	2701.6	2202.8	7716.6	4298.9	3027.7	2884	3217.8	3235.3	2576.5	4252.9	11812	5574.6	7928.9	15263
3399.7	7292.1	2722.7	2223.9	7807.3	4340	3037.1	2907	3214.2	3350	2611.7	4298.3	11814	5603.2	8078.4	15432
3399.2	7377.8	2757.8	2233.5	7853.2	4357.5	3054.2	2936.4	3240.7	3281.8	2595.8	4299.5	11943	5631.3	8093.5	15545
3408.1	7447.8	2782.5	2236.2	7884.7	4383.9	3061.9	2945.6	3249.7	3270	2607.2	4323.8	12111	5654.2	8181.6	15539
3492.9	7679.3	2840.8	2277.6	8132.2	4488.6	3139.1	3012.8	3284.9	3286.3	2658.5	4433.6	12458	5727.3	8381	16234
3496.7	7669.5	2869.3	2285.2	8168.6	4477.2	3120.3	3023	3311.8	3352.8	2662	4446.1	12591	5777.1	8462	16281
3465.2	7628.2	2864.4	2261	8081.9	4465.2	3129	3019.2	3288.6	3282.7	2647.7	4420.5	12441	5696.4	8346.9	15969
3470.5	7734.2	2892.6	2269.3	8120.4	4526.1	3142.6	3044.8	3296.8	3281.3	2655.8	4449.1	12632	5738.9	8433.6	16048
3416.1	7594.7	2867.2	2243.8	7960.8	4424.1	3076.9	2984.9	3239.8	3304.5	2598	4365.7	12302	5645	8282.9	15601
3425.5	7618.5	2875	2233.8	7999.8	4470.6	3096	3001	3242.5	3278.1	2631.2	4432.4	12393	5648.8	8321.5	15642
3471.9	7810.7	2936.8	2265.5	8148.6	4559.6	3160.6	3055	3289.5	3300	2668.9	4485.6	12720	5728	8489.2	16033
3516.4	7976.8	2998	2305.8	8368.8	4627.9	3179.6	3096.4	3346.3	3386.2	2674.8	4546.1	13073	5844	8677.8	16674
3488.1	7933.4	3011.1	2301.3	8286.5	4596.4	3178.7	3101.2	3331.1	3373.6	2657	4530.9	12981	5788.8	8630.8	16334
3491.4	7958.5	3035.4	2311.1	8326.3	4637.8	3193.3	3132.1	3342.6	3412.8	2689.1	4568.1	13017	5801.4	8745.7	16413
3532.8	8085.4	3071.8	2322.6	8441	4702.3	3228.5	3156.6	3372.7	3502.5	2722.3	4626	13278	5857.5	8844.4	16720
3575.5	8218.4	3097.7	2307.9	8449.6	4719.3	3230.8	3164.1	3368	3375.5	2717.6	4692.8	13559	5867	8836.5	16841
3519.8	8065.6	3090.3	2306.2	8365.1	4702.3	3231.7	3156.6	3338	3380.6	2710.6	4634.7	13212	5792.8	8818.3	16493
3537.6	8189.9	3141.7	2320.9	8418.9	4707.9	3225.9	3172.9	3367.6	3415.2	2692.6	4664.6	13446	5859.1	8871.9	16697
3491.4	8023.9	3082.6	2266.2	8227.9	4647.2	3187.1	3116.8	3306.4	3374.5	2681.3	4633.5	13168	5736.6	8661.2	16137
3517.8	8106.4	3136	2283.1	8327.5	4684.7	3226.3	3176	3344.9	3336.2	2696.9	4690.9	13385	5753.7	8771.5	16319
3588.2	8398.1	3239.3	2345.6	8555.2	4782.3	3295.4	3252.8	3400.2	3396.9	2731.8	4789.4	13861	5912.6	9096.1	17008
3594.6	8475.6	3249.2	2336.4	8535.2	4813.8	3288.6	3248.8	3399.7	3388.5	2729.4	4819	13989	5903	9092	16981
3550.2	8351.8	3238	2317	8450.9	4790	3284.9	3244.7	3386.2	3389.9	2723.9	4788.7	13805	5844.8	8956.4	16687
3573.1	8423.8	3289	2324	8462	4809.3	3295	3256.9	3380.6	3376.9	2734.5	4840.4	13905	5890.2	9081.1	16756
3552.6	8427.5	3312.3	2338.8	8444.7	4801	3287.7	3251.5	3386.2	3504.9	2732.6	4802.2	13795	5871.8	9142.3	16759
3577	8450.9	3307.7	2323	8525.2	4844.2	3307.7	3287.2	3414.7	3424.6	2748.7	4886.6	14052	5836.9	9089.3	16805
3595.1	8572.8	3369.9	2342.4	8542.7	4872.9	3333.9	3301.8	3420.8	3442	2748.7	4889.3	14214	5907	9199.9	16928
3600	8576.5	3409.5	2353.4	8574	4882.7	3330.6	3322.4	3427.9	3562.8	2766.2	4945.3	14226	5935.9	9298.4	17119
3624.1	8705.9	3427.9	2360.1	8670.1	4947.3	3375.9	3359.2	3454.8	3435.4	2767.8	4991.9	14501	5918.2	9316.5	17225
3629.5	8698.2	3462.4	2359	8660	4960.6	3392.7	3375	3473.8	3432.6	2780.9	5030.9	14532	5927.9	9350.2	17170
3573.1	8555.2	3424.6	2322.3	8439.8	4895.8	3324.2	3298.6	3397.4	3462.4	2738.5	4961.2	14193	5836.9	9156	16703
3558.5	8590.4	3462.9	2342	8464.4	4912.9	3338.9	3342.2	3434	3529.4	2749.1	4995.9	14219	5835.3	9215.1	16713
3584.8	8635.8	3477.1	2332.1	8475.6	4936.7	3356.5	3356	3434	3419.9	2754.3	5039	14430	5863.1	9246.9	16710
3608.8	8766.4	3541.5	2356.2	8555.2	4994.6	3402.5	3400.7	3460.5	3457.2	2759.8	5076.3	14525	5899.8	9368.5	17011
3685.8	9047.4	3648.4	2411.6	8848.3	5139.4	3477.6	3470.9	3548.8	3643.4	2853	5244.7	15246	6059.9	9708	17816
3682.8	9063.6	3700.4	2429	8856.1	5129.7	3494.8	3509.7	3558.9	3652.8	2847.7	5280.1	15192	6058.2	9792.8	17888
3679.8	9048.7	3691.8	2397.2	8717.4	5111.9	3476.6	3490	3529.9	3518.3	2831.5	5269.4	15269	6047.5	9708	17485
3701.9	9150.5	3751.5	2416.7	8809.2	5149.1	3508.7	3533.3	3573.1	3624.6	2853.8	5326.4	15472	6069	9851.5	17787
3615.7	8923.3	3704.9	2374.3	8589.1	5058.6	3431.2	3440.1	3492.9	3629.5	2800.1	5206.1	14917	5942.4	9539.9	17099
3643.4	9003.1	3729.6	2378.6	8629.5	5118	3482.8	3496.2	3511.6	3516.4	2798.1	5275.8	15011	5938.3	9589.2	17211
3736.2	9319.3	3872.8	2446.4	8890.3	5230.6	3565.3	3596.5	3594.1	3638	2859.9	5439.4	15695	6105.5	10016	18236
3756	9425.2	3928.1	2465	8997.7	5291.4	3592.1	3620.7	3623.1	3725.1	2886.9	5494.7	15887	6133	10106	18417
3753.5	9482.3	3931.9	2454.8	8947.1	5303.5	3603.9	3649.4	3635.5	3649.9	2888.1	5530.4	16036	6139.7	10100	18217
3747.9	9515.3	3983.7	2449.7	8940.5	5340.8	3625.6	3635	3623.6	3648.9	2877.9	5522.9	16039	6148.1	10061	18090
3731.1	9430.9	3974	2437.7	8785.8	5265.2	3579.4	3618.2	3602.9	3668.8	2870.9	5511.7	15902	6096.3	10041	17921
3737.7	9521.1	4017.7	2444.6	8819.6	5296.4	3584.3	3638.9	3617.7	3716.5	2866.8	5564	15975	6097.1	10075	17987
3738.7	9425.2	4035.6	2444.6	8830	5317.8	3625.6	3657.3	3591.2	3596.1	2875.4	5590.4	15869	6063.2	10069	17899
3733.2	9513.9	4075.5	2440.6	8801.4	5352.3	3626.1	3649.4	3608.8	3673.8	2900.9	5648.1	16159	6103.8	10117	17838
3786.7	9697.7	4181.5	2505.5	9048.7	5474	3702.9	3750.4	3683.3	3786.2	2951.4	5742	16471	6187.6	10414	18605
3817.6	9810.8	4215.4	2491.1	9051.4	5499.1	3733.7	3778.5	3694.3	3685.3	2941	5827.4	16713	6219	10419	18687
3806.8	9743.6	4194.5	2478.2	9005.8	5477.7	3704.9	3762.7	3695.3	3682.3	2946	5836.9	16739	6164	10325	18386
3809.9	9812.3	4252.9	2490.7	9015.1	5485.1	3704.9	3759.6	3695.3	3737.7	2938.9	5878.2	16828	6173.3	10367	18478
3770.3	9742.1	4281.6	2484.8	8836.5	5446	3702.4	3741.8	3665.3	3780.6	2922.3	5799	16356	6142.2	10378	18224
3785.7	9785.4	4303.5	2483.7	8878.4	5461.5	3701.4	3773.9	3691.3	3840.4	2924	5891	16606	6124.6	10351	18360
3846.2	10041	4414	2517.7	9101.5	5643.5	3824.9	3854.5	3758.1	3750.4	2992.5	6020.4	17325	6274.5	10615	18851
3850.3	10097	4464.6	2530.4	9081.1	5638.9	3812.5	3857.1	3765.7	3895.4	3002.7	6078.9	17408	6288.2	10713	18911
3829.5	9956.3	4452.7	2520.3	9043.4	5589.6	3809.4	3863.9	3759.6	3867.6	2986.6	6054.9	16994	6198.6	10605	18737
3859.7	10092	4541.3	2533.3	9013.8	5619.9	3828	3893.3	3761.1	3874.4	2988.3	6126.3	17259	6267.6	10767	18939
3808.9	9936.5	4495.9	2507.7	8915.3	5565.5	3788.3	3847.2	3734.2	3870.2	2953.5	6050	16934	6160.7	10555	18516
3839.4	10005	4524.3	2511	8989.7	5636.6	3824.4	3893.3	3766.2	3809.9	2983.7	6182.5	17356	6186.8	10587	18559
3930.3	10388	4656.5	2561.4	9219.2	5781	3912.3	3974	3825.9	3817.6	3020.5	6321.9	18087	6342.7	10969	19439
3927.1	10430	4711.7	2578	9208.2	5826.6	3939.3	4000.4	3830.1	3835.8	3031.1	6367.1	18064	6330.5	10947	19385
3879.1	10299	4692.8	2539.3	9039.3	5750.6	3899.1	3978.3	3829.5	3923.4	3011.1	6313.2	17690	6273.6	10786	18987
3882.8	10312	4743.4	2561.4	9096.1	5805.3	3931.3	3991.2	3820.2	3866.5	3020	6382.8	17794	6272.8	10841	19059
3860.8	10111	4708.6	2514.7	8833.9	5651.1	3869.1	3946.8	3774.9	3862.9	2972.3	6295.1	17290	6199.5	10710	18613
3867	10224	4751	2524.8	8878.4	5702.5	3890.1	3974	3807.3	3905.9	2984.5	6364.5	17506	6187.6	10715	18644
3897.5	10338	4844.2	2552	9023.2	5799.8	3942	4002.5	3822.3	3903.3	3024.7	6463.9	17940	6267.6	10867	18923
3909.6	10385	4915.5	2570.4	9012.5	5802.2	3966	4044.3	3842.5	3983.7	3033.2	6522	17936	6286.5	10973	19099
3973.5	10676	5026.9	2607.5	9220.6	5923	4042.6	4117.9	3911.2	4063.4	3076.5	6645.4	18463	6387.2	11244	19720
3992.3	10779	5037	2596.5	9194.4	5951.3	4070.5	4158	3934.5	3945.2	3076.9	6726.7	18844	6405.6	11267	19678
3950.5	10546	5046.4	2592.7	9135.5	5904.6	4038.3	4115.1	3885.9	3989.1	3060.2	6688.7	18322	6306.3	11125	19331
3967	10620	5102.3	2589.7	9087.9	5948	4078.2	4153.5	3898.5	3889.1	3070.5	6761.2	18574	6378.4	11231	19356
3893.3	10480	5056.6	2557.3	8903.5	5879.8	4031.8	4104.6	3883.3	4028.5	3045.2	6640.8	17976	6253.9	10950	18796
3923.4	10577	5093.4	2565.2	8960.4	5949.6	4072.7	4163	3903.3	3907.5	3045.6	6746.3	18341	6276.2	11006	18955
3961.7	10832	5241.9	2603.7	9066.3	6032.7	4131.2	4203.5	3934.5	4025.8	3088.2	6806.3	18593	6371.5	11318	19431
3966.5	10755	5270.1	2615.5	9042	6009.8	4131.2	4222.8	3936.6	4090.8	3105.1	6921.6	18671	6365.3	11302	19336
3922.3	10641	5243.3	2597.3	8961.7	6022.1	4134	4197.3	3898.5	3928.1	3074.4	6848	18425	6295.1	11188	18919
3956.9	10711	5305.7	2605.6	9028.6	6025.3	4155.2	4231.9	3953.7	4110.7	3086.9	6937.1	18493	6283.9	11184	19229
4022	11118	5474	2652.3	9219.2	6205.4	4248.9	4324.3	4031.8	4178.7	3156.6	7099.5	19344	6459.5	11580	19900
4026.3	11098	5514.7	2654.7	9212.3	6207.9	4271.3	4343	4039.4	4218.2	3161	7171.4	19439	6438.2	11614	19948
3975.6	10893	5432.1	2605.6	9003.1	6114.6	4201.8	4289.7	3983.7	4078.2	3086.9	7030.4	18765	6321.9	11273	19397
3986.9	10907	5482.1	2602.6	8941.8	6123.8	4225	4300	3985.3	4047.6	3109.8	7122.4	18903	6365.3	11340	19286
4033.4	11146	5592.6	2650.8	9113.7	6207.1	4272.4	4366.3	4033.4	4215.4	3157.5	7273.7	19439	6438.2	11560	19806
4025.3	11120	5606.2	2638.5	9077.1	6213.9	4291.4	4380.4	4025.3	4035.6	3135.6	7280.8	19443	6435.6	11571	19631
4062.9	11251	5678.7	2658.9	9138.2	6276.2	4330.2	4427.1	4064.5	4104.1	3151.8	7358.1	19725	6480.8	11731	19995
4016	11152	5723.4	2648.1	9060.9	6278.8	4345.3	4417.6	4049.2	4142.9	3176.5	7390.3	19481	6432.9	11590	19460
4074.9	11416	5836.9	2677.5	9173.8	6358.4	4409.3	4493.4	4115.1	4247.8	3215.6	7506	19995	6537.3	11873	20135
4077.1	11329	5873.4	2685.6	9208.2	6351.4	4432.4	4512.8	4113.5	4283.9	3221.4	7565.7	19814	6472.8	11828	20087
4113.5	11544	5938.3	2709.4	9310.9	6445.3	4471.8	4560.2	4159.1	4346.5	3231.2	7657.5	20259	6533.7	11963	20492
4130.1	11622	6030.3	2718.8	9227.5	6456.8	4497.1	4588.4	4153	4320.9	3242	7724.3	20357	6581.5	12099	20492
4060.7	11285	5934.3	2668.6	8985.7	6344.4	4439	4516.4	4095.3	4178.2	3195.1	7585	19636	6456.8	11797	19602
4082	11351	6018	2692.2	9131.4	6394.2	4468.8	4551	4115.7	4261.5	3199.1	7684.8	19836	6443.6	11779	19905
4155.2	11746	6173.3	2745.2	9362.9	6577	4585.9	4675.3	4227.3	4375.7	3282.2	7939.1	20850	6614.3	12175	20739
4167.5	11810	6258.2	2746.8	9267.7	6577	4601.3	4689.1	4209.7	4362.2	3290.4	7965.4	20854	6633.5	12284	20583
4190.5	11969	6324.5	2753.9	9422.3	6705.3	4684	4740.9	4271.3	4270.7	3316	8079.6	21592	6735.1	12377	20995
4207.5	11963	6402.1	2768.2	9389.7	6683.1	4704.8	4782.3	4290.2	4405.2	3320.1	8140.4	21213	6685	12431	21194
4184.4	11874	6336.6	2740.8	9259.4	6611.5	4628.5	4725.6	4237.5	4396.9	3272.2	8078.4	20929	6603.3	12196	20845
4176.5	11859	6375.8	2734.5	9199.9	6626.1	4665.9	4726.3	4245	4327.2	3268.6	8054	20878	6596.1	12216	20497
4178.7	11837	6389.8	2734.1	9215.1	6644.5	4684.7	4768.9	4271.3	4339.5	3294	8153.3	21018	6607	12263	20583
4157.4	11904	6492.4	2753.5	9195.8	6692.4	4723.1	4792.6	4279.3	4449.1	3315.5	8227.9	21161	6624.3	12247	20442
4265.5	12280	6620.7	2790.9	9466.5	6873.7	4830.6	4904.4	4378.6	4389.8	3354.2	8431.2	22155	6783.7	12651	21543
4282.2	12311	6738.8	2821	9480.9	6853.7	4843.6	4916.9	4357.5	4515.8	3373.6	8559	22135	6785.6	12757	21666
4218.2	12105	6675.7	2790.1	9375.6	6852.7	4848.1	4902.4	4334.2	4363.4	3348.1	8462	21646	6729.5	12547	21127
4260.4	12298	6738.8	2790.5	9344.6	6888	4851.4	4923.5	4354	4407.5	3337.1	8496.6	21846	6739.7	12585	21372
4226.2	12131	6743.5	2779.3	9281.6	6841.3	4863.8	4912.2	4358.1	4449.1	3327.4	8442.2	21435	6672	12446	20971
4219.9	12133	6791.2	2794.9	9284.4	6919.7	4908.3	4943.3	4350	4357.5	3344.9	8530.2	21607	6712.7	12587	20929
4323.8	12490	6945.7	2833.1	9532.6	7021.6	5007.3	5062	4461.6	4452.7	3410.5	8804	22520	6805.4	12946	21936
4300.6	12562	7035.4	2836	9462.3	7080.7	5056.6	5070.9	4462.8	4474.8	3420.3	8814.4	22653	6853.7	12973	21795
4205.2	12121	6850.8	2778.5	9206.8	6906.3	4902.4	4923.5	4338.3	4366.3	3323.3	8590.4	21464	6671.1	12393	20693
4218.8	12184	6890.9	2782.1	9201.3	6950.6	4951.9	4995.3	4380.4	4364.6	3347.7	8722.6	21731	6672	12458	20711
4210.3	12135	6928.4	2782.1	9162.8	6934.2	4978.5	4988.6	4378.1	4389.2	3356.5	8696.9	21626	6681.3	12490	20624
4235.8	12206	7029.5	2798.9	9161.5	6960.3	5008.7	5042.4	4391	4382.2	3375	8839.1	21856	6724.8	12634	20656
4351.1	12840	7328.1	2857.1	9468	7178.4	5168.5	5182.4	4521.8	4643.4	3482.8	9169.7	23263	6910.1	13180	21941
4362.8	12849	7341.5	2869.3	9485.2	7214.7	5190.7	5215.2	4527.9	4556.5	3451.9	9168.3	23136	6892.8	13200	22233
4281	12511	7261.4	2831.1	9227.5	7071.8	5124.9	5125.6	4453.3	4597.6	3415.2	8960.4	22063	6738.8	12847	21075
4336	12626	7332.2	2846.9	9344.6	7125.4	5165	5197	4514.6	4629.8	3429.8	9139.6	22515	6772.5	12946	21553
4277.6	12462	7286	2810.1	9210.9	7103.5	5149.8	5158.7	4486.2	4574.9	3392.2	9003.1	22094	6725.7	12684	21000
4304.7	12504	7396.5	2846.1	9259.4	7108.4	5185.1	5194.9	4470.6	4474.8	3418.5	9205.4	22300	6769.6	12913	21237
4426.5	13166	7634.7	2921.1	9574.6	7403.8	5362.4	5390.6	4628.5	4685.9	3502.9	9529.8	23745	6952.5	13431	22610
4393.9	13071	7712.2	2914.9	9509.6	7420.6	5405.8	5363.1	4601.9	4650.9	3525.1	9544.2	23751	6986.5	13545	22222
4334.2	12564	7503.8	2844.5	9180.7	7153.3	5263	5261.6	4517.6	4581.6	3439.2	9333.4	22404	6805.4	12981	21333
4327.2	12733	7586.1	2875	9281.6	7271.6	5318.5	5305	4540.7	4555.3	3450.1	9405.3	22701	6807.3	12997	21338
4357.5	12748	7601.2	2861.9	9240	7216.7	5308.5	5301.4	4563.9	4678.4	3450.5	9435.2	22733	6795	13028	21416
4331.3	12785	7712.2	2876.6	9295.6	7337.4	5389.9	5321.4	4580.4	4616.7	3468.6	9480.9	22889	6857.5	12988	21300
4368.7	12886	7746.3	2895.1	9364.3	7389.2	5431.4	5376.8	4610.6	4617.4	3484.3	9624.2	23197	6890.9	13148	21755
4389.2	12961	7805.1	2895.9	9329.2	7392.3	5474	5445.3	4648.4	4713.6	3500.1	9697.7	23202	6868	13209	21866
4487.4	13523	8140.4	2971.9	9627.1	7625	5634.3	5564.8	4752.9	4933.4	3596.5	10044	24643	7078.7	13736	22814
4511.6	13623	8179.3	2968.6	9596.4	7661.9	5658.7	5590.4	4767.6	4898.4	3591.6	10116	24742	7096.5	13758	23015
4520	13595	8160.4	2961.4	9605.2	7664.1	5678.7	5624.4	4798.4	4946.6	3608.3	10220	24941	7080.7	13739	23004
4518.8	13633	8223.2	2962.3	9583.4	7708.9	5725.7	5636.6	4813.8	4885.3	3611.3	10255	24991	7123.4	13822	22982
4532.2	13698	8382.2	2987.1	9641.7	7740.8	5748.2	5631.3	4786.8	4859.2	3625.1	10275	25193	7172.4	13969	23114
4527.3	13722	8388.3	2984.5	9574.6	7755.1	5821.9	5697.9	4813.2	4824.2	3638	10380	25264	7170.4	14057	23108
4482.6	13509	8353	2964.4	9534.1	7737.5	5814	5659.5	4798.4	4790.7	3596.1	10210	24503	7088.6	13722	22600
4524.9	13681	8436.1	2970.7	9506.7	7724.3	5813.2	5685.6	4826.1	4976.5	3630	10374	24972	7108.4	13785	22594
4488	13436	8373.7	2950.2	9361.5	7646.6	5766.1	5650.3	4779.1	4938.7	3602.4	10296	24310	7034.4	13626	22222
4488.6	13460	8406.6	2964.8	9405.3	7717.7	5829	5689.4	4793.2	4798.4	3613.3	10417	24552	7076.7	13712	22399
4492.8	13542	8460.7	2968.6	9438	7746.3	5878.2	5719.5	4815.1	4819	3620.2	10453	24649	7098.5	13778	22494
4503.7	13509	8541.4	2984.5	9411	7746.3	5906.2	5742.8	4810.6	4819.6	3626.6	10534	24600	7124.4	13873	22615
4576.1	13937	8789.7	3048.2	9635.9	7930	6068.1	5908.6	4928.1	5010.7	3718	10929	25831	7269.6	14306	23342
4594.5	13997	8864	3035.8	9602.3	7957.4	6132.1	5947.2	4961.2	5090.6	3734.2	10945	25738	7254.3	14295	23342
4582.8	13969	8796.2	3017.9	9522.5	7906.2	6076.4	5895	4936	5094.7	3700.9	10860	25528	7195.5	14079	23064
4571.8	13917	8801.4	3020.5	9557.2	7971.1	6124.6	5948	4962.6	5016.7	3687.3	10851	25405	7164.3	14069	23114
4493.4	13434	8682.9	2988.7	9350.2	7802.9	6048.3	5832.9	4864.4	4895.2	3643.4	10659	24334	7066.8	13751	22125
4516.4	13719	8837.8	3004.4	9327.8	7871.2	6103	5855.9	4868.3	5032.9	3667.3	10711	24509	7105.5	13900	22166
4532.2	13657	8832.6	3004.4	9351.6	7884.7	6132.1	5883	4892.5	4970.5	3664.8	10767	24527	7126.3	13947	22488
4527.3	13712	8924.6	3001.8	9330.6	7902.8	6167.4	5885.4	4912.9	5025.5	3686.8	10846	24972	7155.3	13873	22197
4592.7	14054	9093.3	3036.6	9449.4	8044.7	6292.5	5986.1	4986.6	5123.5	3737.2	11036	25613	7243.1	14262	22971
4557.1	13873	9043.4	3032.8	9392.6	8025.1	6313.2	6017.1	4973.9	4991.2	3723.6	11077	25238	7213.7	14168	22717
4549.8	13834	8980.4	3005.2	9354.5	8009	6269.3	5994.3	4979.2	5103	3693.3	10992	24872	7132.3	13834	22420
4584.1	13913	9081.1	3017.5	9364.3	8032	6312.4	6011.4	4987.9	5080.4	3706.9	11098	25105	7196.5	13974	22663
4649	14226	9339	3080	9570.3	8172.2	6459.5	6127.1	5046.4	5070.9	3764.7	11406	26119	7341.5	14490	23426
4654.6	14321	9435.2	3098.6	9574.6	8229.1	6532.8	6180	5081.8	5119.4	3800.6	11563	26392	7383	14609	23505
4622.9	14140	9357.3	3073.1	9512.5	8193.5	6524.7	6169.9	5077	5123.5	3778	11458	25891	7317.8	14386	23169
4637.2	14173	9425.2	3075.7	9526.9	8236.3	6589.7	6203.7	5087.2	5128.4	3770.3	11460	25712	7300.3	14420	23392
4597.6	14079	9305.4	3041.3	9388.3	8169.8	6509.4	6153.1	5068.8	5249.6	3751.5	11379	25424	7205.6	14049	22626
4634.1	14198	9443.7	3054.6	9392.6	8184	6557.1	6168.2	5076.3	5302.8	3773.4	11503	25725	7278.8	14188	22830
4711.1	14451	9662.3	3107.7	9618.3	8316.7	6722	6313.2	5164.3	5295.7	3819.7	11762	26468	7367.4	14668	23739
4701.6	14601	9764.5	3117.7	9583.4	8416.4	6812.9	6343.6	5179.6	5196.3	3845.1	11820	26649	7452	14786	23722
4761.2	14808	9934.9	3161	9774.9	8527.7	6945.7	6479.1	5253.2	5325	3888.5	12091	27205	7495.3	15049	24485
4760.6	14953	10010	3158	9795.8	8603	6959.3	6446.2	5265.9	5345.8	3880.7	12097	27557	7550.7	14986	24533
4772.7	15030	10070	3152.2	9746.6	8609.3	7040.3	6511.2	5326.4	5435.8	3929.7	12230	28016	7581.8	15041	24280
4788.1	14977	10099	3166.3	9718.4	8584.1	7050.1	6540	5300.7	5392	3917	12302	27654	7580.7	15144	24418
4726.3	14724	9944.1	3146.5	9630	8540.2	7000.1	6505	5269.4	5290.7	3882.8	12165	27039	7461.5	14813	23838
4729.4	14811	10060	3148.3	9666.7	8600.4	7076.7	6511.2	5280.8	5357.3	3893.3	12167	27032	7487.9	14868	23820
4735.2	14665	10019	3140.8	9557.2	8499.1	7044.2	6485.3	5252.4	5291.4	3886.4	12198	26825	7498.5	14851	23665
4761.2	14895	10141	3156.6	9609.6	8592.9	7115.4	6532.8	5298.5	5445.3	3910.7	12280	27126	7502.8	14909	23838
4792	15083	10324	3174.7	9715.4	8694.4	7219.8	6578.8	5345.1	5389.1	3944.6	12429	27910	7619.5	15170	24214
4795.8	15080	10362	3196.9	9672.6	8714.9	7297.2	6612.4	5346.5	5419	3955.8	12490	27609	7610.9	15297	24166
4859.9	15400	10514	3224.1	9921.2	8906.1	7448.9	6752.8	5461.5	5502.8	3985.3	12768	28591	7708.9	15487	25399
4864.4	15551	10642	3217.8	9816.8	8892.9	7503.8	6748.1	5462.9	5645	4038.8	12895	29128	7759.6	15648	24885
4806.7	15119	10466	3201.8	9716.9	8806.6	7432.1	6701.6	5429.2	5588.1	3988	12649	27902	7625	15240	24143
4811.3	15203	10534	3197.8	9681.4	8806.6	7497.5	6718.3	5443.8	5601	3998.2	12755	28177	7660.8	15229	24030
4890.6	15487	10730	3244.3	9922.7	8999.1	7668.4	6858.5	5530.4	5555	4048.1	13069	28966	7774	15657	25225
4900.4	15660	10730	3236.6	9868.1	9036.6	7672.8	6881.3	5562.5	5730.4	4055.2	13189	29284	7768.4	15525	25067
4797.1	15027	10587	3199.5	9606.7	8780.6	7589.3	6764	5444.6	5532.6	4007.9	12838	27684	7654.3	15243	23931
4838.4	15192	10612	3207.5	9675.5	8871.9	7631.5	6804.4	5474.7	5536.3	3989.6	12888	27849	7643.4	15187	24430
4830.6	15226	10703	3211.6	9609.6	8865.3	7696.8	6818.6	5471	5587.4	4022.5	12873	27744	7669.5	15351	24048
4842.3	15150	10730	3208.9	9653.5	8892.9	7787.3	6880.4	5531.1	5678.7	4044.3	13024	27834	7663	15252	24131
4924.1	15767	11006	3254.6	9877.2	9136.9	7918.7	6982.6	5610.8	5771.6	4073.3	13280	29145	7830.8	15630	25257
4910.9	15722	11047	3257.8	9806.3	9130	8006.7	7030.4	5634.3	5824.2	4113.5	13385	29194	7834.1	15740	24841
4845.5	15201	10858	3223.6	9659.4	8908.7	7888.1	6910.1	5524.4	5608.5	4052.5	13078	27812	7687	15357	24107
4898.4	15441	11003	3247	9722.8	8993.7	7982.5	6970	5571.5	5770.8	4059	13235	28200	7708.9	15464	24430
4834.5	15263	10881	3220	9625.6	8981.7	7917.5	6896.7	5527.4	5622.9	4013.3	12975	27565	7685.9	15158	24042
4841.7	15209	10962	3235.3	9576.1	8980.4	8043.6	6997.2	5556.5	5677.1	4059	13139	27535	7684.8	15357	23878
4977.2	16181	11466	3317.8	9976.3	9403.9	8368.8	7209.7	5733.5	5759.9	4163	13705	29981	7965.4	16187	25725
4998.6	16184	11473	3329.3	10013	9365.7	8396.8	7276.8	5774	5891.8	4175.9	13925	30188	7957.4	16153	25877
4949.3	15770	11355	3298.1	9819.8	9234.4	8381	7221.8	5711	5903	4158	13744	29063	7880.2	15881	25092
4963.2	15908	11403	3290.4	9792.8	9259.4	8412.8	7196.5	5732.7	5937.5	4179.9	13797	29726	7925.5	15966	24997
4865.1	15412	11170	3256.9	9635.9	9132.8	8291.4	7089.6	5653.4	5729.6	4085.9	13324	27925	7751.8	15354	24072
4907	15633	11213	3267.7	9657.9	9169.7	8350.6	7133.3	5684.8	5730.4	4101.9	13507	28402	7808.4	15531	24244
5069.5	16413	11791	3343.1	10027	9499.5	8676.5	7361.2	5859.1	6046.7	4233.6	14163	30842	8085.4	16334	26106
5058	16509	11816	3355.1	10002	9495.2	8734.1	7395.5	5865.4	6024.5	4239.8	14270	30914	8099.4	16413	25964
4912.2	15557	11333	3265.9	9644.7	9205.4	8497.9	7190.5	5733.5	5877.4	4135.1	13590	28402	7822.9	15455	24208
4928.7	15713	11453	3272.2	9653.5	9276.1	8580.3	7223.8	5744.3	5841.6	4142.9	13607	28457	7863.3	15548	24250
4964.5	15975	11611	3312.8	9797.3	9412.4	8748.3	7372.6	5820.3	5957.7	4188.3	13883	29145	7908.5	15770	24860
4984.6	16024	11694	3307.7	9755.5	9409.6	8784.5	7329.1	5818.7	6013.9	4190	13920	29185	7982.5	15851	24903
5045.1	16493	12045	3381.5	9951.7	9637.4	9079.8	7559.3	5939.1	6083	4300.6	14425	30477	8139.2	16532	25580
5051.9	16331	11987	3367.6	9953.3	9605.2	9131.4	7604.4	5965	6054.1	4304.1	14538	30433	8109.9	16429	25725
5002	16162	11865	3332.9	9791.3	9532.6	9044.7	7480.5	5926.2	6141.4	4262.1	14183	29836	8025.1	16042	24885
5035.6	16356	11969	3365.7	9872.6	9580.4	9083.9	7524	5913.4	6025.3	4252.9	14355	29896	8063.3	16162	25450
5055.9	16573	12149	3366.2	9930.3	9697.7	9256.6	7582.9	5998.4	6129.6	4307.5	14501	30833	8184	16363	25463
5083.8	16487	12200	3389	9976.3	9699.1	9372.8	7669.5	6019.6	6197.8	4345.3	14687	30450	8152.1	16525	25607
5135.9	16891	12437	3430.7	10061	9877.2	9539.9	7815.1	6092.2	6207.1	4386.3	14988	31596	8305.8	16938	26269
5129.7	17005	12557	3438.2	10158	9973.2	9652	7797.3	6129.6	6182.5	4369.8	14846	31502	8301	16851	26365
5168.5	16971	12594	3445.3	10136	9925.8	9675.5	7842	6133.8	6185.9	4390.4	15102	31870	8345.7	16984	26642
5126.3	16858	12543	3431.2	10084	9957.9	9797.3	7878	6167.4	6254.8	4413.4	15114	31474	8321.5	16851	26441
5107.8	16583	12395	3403.5	9910.5	9765.9	9628.6	7748.5	6066.5	6129.6	4372.8	14835	30627	8231.5	16638	25633
5111.9	16782	12402	3416.1	9964	9859	9711	7808.4	6122.1	6147.2	4372.2	14944	30905	8241	16609	25659
5070.9	16593	12416	3389.4	9846.9	9836.4	9751	7760.7	6118.8	6296.8	4382.8	14754	30547	8219.6	16429	25289
5093.4	16756	12545	3412.8	9902.9	9895.3	9859	7780.6	6124.6	6159.8	4385.1	14800	30734	8257.8	16619	25463
5144.2	16858	12666	3441.5	10075	10005	10033	7927.8	6204.5	6226.6	4429.4	15128	30996	8305.8	16815	26139
5174.7	16978	12681	3446.7	10047	10004	10046	7934.6	6223.2	6273.6	4431.2	15229	31446	8354.2	16898	26153
5100.9	16674	12513	3395	9816.8	9869.6	9907.5	7801.7	6161.5	6389	4393.4	14887	30654	8280.5	16426	25105
5114.6	16739	12619	3418	9907.5	9942.6	10055	7855.4	6196.9	6403	4395.1	14909	30601	8266.1	16487	25334
5197	17270	12838	3481.9	10099	10188	10229	8012.4	6282.2	6360.1	4433.6	15323	31709	8383.4	16884	26434
5219.4	17270	12959	3474.7	10109	10188	10309	8027.4	6308	6390.7	4460.4	15351	31985	8439.8	16991	26448
5174	17025	12820	3454.3	10007	10094	10264	7972.2	6278.8	6348.8	4432.4	15172	31233	8359.1	16710	25958
5192.8	16968	12818	3459.1	9980.9	10027	10343	8051.7	6302.9	6450.6	4482.6	15478	31428	8389.5	16924	26031
5233.4	17492	13046	3496.7	10128	10263	10521	8153.3	6381.1	6417.9	4506.7	15678	32353	8497.9	17102	26489
5251.7	17510	13182	3489.5	10136	10325	10676	8203	6431.2	6584.2	4559	15875	32719	8571.5	17225	26656
5184.4	17079	13024	3480.9	9945.6	10166	10590	8101.7	6332.3	6444.4	4509.1	15467	31178	8439.8	17018	25653
5191.4	17204	13066	3468.6	9990.1	10226	10671	8156.8	6396	6522	4525.5	15542	31785	8492.9	16864	25653
5248.9	17446	13205	3500.5	10145	10361	10826	8264.9	6475.5	6548.1	4554.1	15818	32441	8541.4	17112	26406
5280.1	17705	13469	3523.6	10169	10445	11043	8339.6	6518.4	6733.2	4615.5	16039	33214	8658.7	17485	26593
5167.1	16831	12999	3460.5	9884.7	10117	10738	8161.6	6361.9	6406.5	4512.8	15441	30547	8394.4	16697	25308
5171.9	17031	13091	3474.3	9916.6	10194	10807	8188.7	6399.5	6471.9	4523.1	15493	31014	8443.5	16759	25347
5332.9	17965	13683	3561.4	10261	10617	11307	8519	6610.6	6775.3	4669.6	16439	33775	8787.1	17830	27097
5343.6	17954	13707	3569.2	10346	10639	11462	8556.5	6653.6	6749.1	4678.4	16439	33566	8743.2	17755	27410
5218	17194	13315	3512.5	10005	10340	11171	8383.4	6501.4	6689.6	4594.5	15887	31409	8539	17153	25844
5246.1	17531	13403	3521.7	10109	10498	11265	8436.1	6557.1	6611.5	4601.9	15975	32004	8579	17062	26106
5258.8	17569	13457	3521.7	10102	10503	11302	8418.9	6575.2	6641.7	4613	15966	32110	8634.6	17109	26052
5298.5	17658	13545	3536.6	10150	10537	11414	8462	6623.4	6677.6	4636	16168	32510	8662.5	17280	26344
5353.7	17910	13829	3580.9	10285	10629	11620	8572.8	6651.8	6732.3	4664	16388	32889	8725.1	17694	27075
5358	18243	14044	3601.5	10338	10791	11845	8614.3	6713.7	6740.7	4700.4	16458	33566	8832.6	17918	27205
5318.5	17615	13703	3560.4	10131	10522	11588	8527.7	6633.5	6693.3	4659	16306	32324	8716.2	17471	26475
5312.1	17626	13652	3568.2	10213	10622	11766	8591.6	6707.2	6802.6	4671.5	16303	32217	8660	17398	26399
5263.8	17492	13576	3536.2	10012	10508	11601	8448.4	6612.4	6815.8	4639.1	15957	31596	8634.6	17259	25837
5292.1	17687	13640	3551.7	10063	10590	11635	8495.4	6647.2	6719.2	4637.2	16122	31899	8677.8	17167	26106
5339.3	17903	13878	3585.8	10198	10679	11906	8616.8	6735.1	6839.4	4704.2	16436	32599	8774.1	17662	26762
5357.3	17885	13915	3571.1	10153	10694	11939	8618.1	6767.8	6960.3	4721.8	16503	33132	8820.9	17591	26538
5368.1	18046	14034	3622.6	10287	10846	12186	8770.3	6825.2	6898.6	4747.2	16700	32970	8819.6	17794	26925
5381.2	18165	14155	3618.7	10221	10838	12251	8774.1	6826.2	6970	4771.5	16785	33224	8890.3	17892	26975
5362.4	17936	13927	3597	10224	10771	12175	8775.4	6867	6984.5	4770.2	16752	33399	8820.9	17662	26566
5394.9	18213	14186	3612.8	10228	10850	12269	8769	6846.1	7059	4773.4	16756	33482	8929.9	17849	27068
5416.8	18243	14337	3636	10275	10869	12448	8875.8	6871.8	7067.8	4800.3	17042	33534	8972.4	18064	27293
5422.6	18326	14252	3638	10287	10896	12448	8881.1	6928.4	7152.3	4804.2	17096	33913	8956.4	18057	27285
5424.8	18307	14293	3632.5	10322	10948	12551	8896.9	6959.3	6982.6	4833.2	17075	33754	8977.7	18024	27068
5468.1	18543	14514	3664.8	10422	11075	12829	8992.4	7019.7	7120.4	4876.2	17352	34561	9079.8	18405	27729
5338.6	17791	14097	3594.1	10038	10759	12441	8757.3	6840.4	6909.1	4783.6	16615	32197	8874.5	17633	25851
5384.1	17936	14112	3611.8	10144	10772	12526	8833.9	6900.5	7061.9	4793.9	16828	32490	8865.3	17690	26427
5390.6	18109	14203	3625.6	10231	10935	12668	8937.8	6979.7	7033.4	4813.8	16898	33122	8906.1	17697	26593
5394.9	18251	14368	3632	10267	11026	12847	8977.7	7039.3	7152.3	4839.7	16914	33410	8983	17733	26663
5399.3	17958	14275	3621.1	10109	10817	12699	8919.3	6932.2	7130.3	4824.8	16948	32510	8960.4	17769	26489
5376.1	18142	14303	3634	10198	10996	12869	9012.5	7000.1	7092.6	4822.9	16904	32490	8914	17594	26255
5446	18486	14519	3653.8	10264	11102	13051	9083.9	7090.6	7325	4895.2	17359	33860	9085.2	18031	27003
5455.6	18436	14646	3675.3	10291	11056	13139	9115.1	7041.2	7230.9	4893.2	17311	33410	9060.9	18202	27061
5405.1	18315	14569	3657.3	10215	11136	13225	9139.6	7089.6	7340.5	4908.3	17153	33204	9079.8	18035	26531
5431.4	18266	14488	3665.3	10236	11064	13202	9147.8	7122.4	7234	4922.8	17290	33265	9043.4	18039	26454
5465.1	18590	14800	3697.8	10298	11200	13446	9266.3	7160.3	7278.8	4961.2	17566	33966	9182	18360	26925
5502.8	18891	14986	3711.4	10354	11311	13583	9241.3	7186.5	7258.4	4971.2	17502	34020	9223.4	18451	27162
5446.8	18315	14583	3669.3	10251	11127	13385	9176.5	7155.3	7256.3	4926.1	17276	32939	9042	17907	26448
5462.9	18383	14719	3680.8	10215	11088	13422	9184.8	7129.3	7192.5	4929.4	17373	33010	9127.3	18061	26628
5457	18482	14687	3697.8	10290	11182	13490	9228.9	7177.4	7282.9	4928.1	17311	32980	9082.5	18035	26720
5446.8	18463	14673	3673.3	10232	11189	13549	9222	7208.6	7312.6	4957.2	17321	33194	9098.8	18002	26468
5551.3	19111	15133	3717.5	10422	11447	13824	9310.9	7309.6	7493.2	5012.7	17733	34916	9364.3	18536	27572
5494.7	18737	14950	3710.4	10320	11359	13920	9382.7	7322.9	7511.3	5029.5	17874	34137	9313.7	18421	26953
5616.9	19489	15472	3777	10635	11654	14326	9580.4	7442.6	7696.8	5098.9	18315	35785	9453.7	19019	28527
5612.3	19539	15499	3775.4	10579	11656	14337	9528.3	7461.5	7513.4	5092.7	18142	35937	9462.3	18919	28077
5556.5	18999	15119	3734.2	10430	11481	14117	9472.3	7418.5	7497.5	5068.2	17954	34816	9341.8	18520	27315
5567	19172	15243	3755	10478	11531	14214	9512.5	7439.4	7678.2	5084.5	18057	35118	9395.4	18710	27632
5591.9	19422	15435	3770.3	10552	11692	14433	9560.1	7487.9	7635.8	5092.7	18079	35289	9458	18683	28009
5612.3	19422	15619	3785.7	10526	11660	14612	9669.7	7510.2	7747.4	5157.4	18478	35715	9561.6	19115	28100
5630.5	19573	15743	3803.2	10600	11756	14743	9728.8	7542.2	7684.8	5162.9	18493	35761	9567.4	19111	28169
5645	19665	15557	3807.3	10629	11760	14660	9718.4	7602.3	7772.9	5158.7	18547	36353	9554.3	19188	28355
5619.1	19661	15698	3799.6	10569	11837	14843	9697.7	7568.9	7779.5	5165	18277	35449	9544.2	19039	27849
5661.8	19670	15627	3792.4	10612	11826	14813	9743.6	7658.6	7815.1	5194.2	18659	36474	9615.4	19051	28193
5608.5	19356	15389	3781.1	10503	11637	14559	9631.5	7548.6	7643.4	5123.5	18168	35039	9442.3	18761	27587
5570.8	19196	15289	3764.7	10452	11681	14692	9680	7592.6	7757.4	5139.4	18168	34616	9435.2	18532	27140
5628.2	19695	15752	3804.7	10584	11924	15080	9780.9	7654.3	7911.9	5212.4	18409	35785	9628.6	19140	27872
5668.7	19827	15842	3819.7	10612	11892	15175	9825.8	7703.4	7778.4	5235.5	18644	36498	9652	19258	27978
5707.1	20259	16137	3858.2	10737	12135	15464	9934.9	7761.8	7888.1	5268.7	18824	36926	9776.4	19568	28638
5691.7	19870	15944	3853.5	10745	12045	15536	10036	7825.2	7998.6	5292.1	18995	36498	9715.4	19468	28543
5568.5	19043	15504	3786.7	10385	11691	14964	9740.6	7587.2	7796.2	5172.6	18087	33913	9488	18706	26904
5592.6	19435	15639	3799.1	10457	11843	15170	9770.4	7666.2	7811.8	5199.1	18146	34506	9537	18694	26932
5767.7	20601	16369	3882.2	10910	12350	15926	10223	7974.5	8140.4	5365.2	19531	38382	9904.5	19810	29366
5802.2	20688	16577	3912.8	10896	12290	15996	10215	7932.3	7975.7	5373.2	19556	38093	10004	20030	29491
5681.7	19784	16070	3847.2	10602	11971	15566	9979.3	7771.7	7891.5	5279.3	18710	35552	9737.7	19299	27978
5679.4	19987	16045	3850.9	10617	12097	15689	9996.2	7831.9	8105.2	5304.2	18745	36043	9780.9	19369	27963
5724.9	20290	16319	3882.8	10750	12196	15944	10111	7920.9	8161.6	5344.4	19019	36963	9866.6	19644	28504
5747.4	20263	16268	3886.4	10796	12212	15984	10191	7968.8	8134.5	5368.1	19229	37037	9875.6	19661	28821
5697.1	19737	15899	3847.2	10642	12011	15692	10109	7931.2	8199.4	5344.4	19043	36305	9752.5	19249	28001
5707.1	19861	16150	3876.5	10662	12063	15923	10125	7894.9	8064.5	5335	19019	35610	9771.9	19373	28093
5758.3	20397	16493	3901.7	10812	12360	16287	10250	8064.5	8232.7	5394.9	19200	37012	9916.6	19577	28520
5762.2	20447	16417	3892.2	10725	12325	16300	10259	8052.9	8292.6	5438	19439	37590	10016	19819	28504
5729.6	19922	16073	3874.4	10641	12067	15866	10145	7974.5	8249.4	5353	19067	36174	9818.3	19414	28131
5724.2	19930	16243	3890.1	10646	12105	16131	10198	7956.2	8116.9	5363.8	19035	35426	9789.8	19336	27910
5668.7	19573	15981	3855	10526	11987	15981	10147	7928.9	8193.5	5347.2	18859	34738	9758.5	19091	27395
5690.2	19861	16060	3846.2	10539	12079	16033	10117	8011.3	8212.5	5373.9	18875	35984	9839.4	19083	27322
5742.8	20009	16246	3899.1	10708	12226	16401	10322	8076.1	8232.7	5410.2	19200	35541	9828.9	19331	27910
5753.7	20162	16328	3892.7	10721	12269	16429	10369	8140.4	8307	5467.3	19397	36975	9965.5	19581	28139
5838.5	20822	16707	3926.6	10831	12494	16707	10452	8210.1	8396.8	5502.8	19801	38080	10152	20000	29104
5829.8	20606	16798	3956.4	10888	12479	16931	10567	8211.3	8432.4	5510.3	19827	37237	10080	20035	29096
5769.3	20469	16567	3903.8	10713	12402	16713	10406	8171	8298.6	5487.3	19402	36729	10052	19708	27955
5809.3	20384	16619	3927.1	10783	12379	16841	10498	8216	8343.3	5522.2	19640	36643	10049	19861	28309
5824.2	20906	16921	3960.6	10875	12653	17174	10595	8286.5	8541.4	5559.5	19746	37693	10179	20241	28797
5872.6	21051	17058	3988	10990	12761	17439	10745	8414	8633.3	5609.3	20131	38489	10264	20424	29210
5826.6	20546	16684	3935.6	10761	12464	16974	10557	8280.5	8485.5	5551.3	19789	37161	10168	19879	28410
5809.3	20295	16477	3927.1	10784	12414	16951	10527	8303.4	8414	5516.2	19485	36174	10010	19598	28162
5901.4	21290	17184	3997.7	11001	12816	17520	10720	8415.2	8536.5	5607	19969	38422	10274	20442	29267
5896.6	21280	17157	3999.3	10933	12807	17524	10723	8421.3	8584.1	5624.4	20091	38264	10351	20406	29088
5814.8	20546	16733	3947.8	10779	12540	17228	10634	8355.4	8570.3	5561	19725	36607	10138	19823	28332
5833.7	20868	16928	3972.4	10848	12718	17429	10664	8399.3	8520.2	5588.9	19636	37274	10182	19956	28332
5915.8	21189	17143	4020.9	11054	12836	17776	10860	8532.7	8712.3	5648.8	20317	38120	10301	20397	29483
5890.2	21161	17228	4003.1	10980	12882	17812	10819	8555.2	8789.7	5660.3	20144	38422	10369	20295	29079
5855.1	20943	16802	3965.4	10831	12707	17377	10713	8469.4	8606.7	5603.2	19978	37590	10248	19874	28472
5843.2	20878	17058	3991.2	10889	12770	17665	10762	8505.3	8732.9	5627.5	19861	37350	10290	20004	28575
5832.1	20384	16590	3948.9	10744	12460	17232	10607	8421.3	8491.7	5584.3	19606	36281	10119	19640	27699
5921.4	21300	17198	4026.9	10987	12915	17823	10900	8572.8	8772.8	5658	20219	38002	10327	20171	29128
5919	21358	17332	4016	10987	12935	18013	10901	8592.9	8852.2	5704.1	20210	38422	10432	20587	29185
5912.6	21353	17252	4023.1	11008	12935	18013	10950	8624.4	8704.6	5685.6	20188	38002	10351	20224	28901
5887.8	21213	17184	4004.1	10980	12935	17980	10912	8624.4	8813.1	5677.9	20105	37718	10364	20065	28717
5909.4	21391	17318	4024.7	10936	12952	18094	10896	8601.7	8869.3	5718	20135	37847	10471	20478	28901
5952.1	21666	17457	4048.6	11098	13069	18394	11121	8757.3	9082.5	5774.7	20606	38918	10493	20674	29350
5958.5	21750	17644	4045.9	11020	13057	18509	11043	8736.7	9016.5	5810	20574	39384	10595	20850	29112
5883	20981	17116	4009.5	10850	12836	18061	10955	8640.9	8879.8	5735.8	20184	37501	10450	20215	28139
5929.5	21261	17314	4027.4	10931	12913	18098	10931	8662.5	8849.6	5721.1	20127	37565	10458	20210	28622
5952.1	21553	17352	4035.6	10999	12961	18258	11047	8757.3	8991.1	5767.7	20537	38595	10549	20497	28893
5956.1	21533	17524	4047.6	11015	13026	18482	11043	8759.9	8849.6	5772.4	20295	38237	10524	20483	28901
6009.8	21946	17976	4098	11189	13297	19200	11416	8963.1	9190.3	5927.9	21353	40318	10822	21401	29938
6057.4	22269	18168	4131.8	11274	13403	19385	11520	9012.5	9056.8	5939.9	21567	40506	10839	21421	30058
5895.8	20906	17096	4018.7	10912	12891	18352	11052	8749.6	8885	5769.3	20122	36631	10383	19995	28054
5941.6	20957	17204	4021.5	10910	12858	18402	11086	8778	8955.1	5794.3	20353	37099	10447	20224	28371
6110.4	22695	18262	4136.2	11405	13592	19447	11492	9106.9	9377	5935.9	21460	41427	10921	21440	30959
6060.7	22285	17874	4099.7	11229	13427	19180	11408	9062.2	9248.3	5928.7	21309	40462	10846	21042	29785
6004.1	21489	17517	4068.3	11082	13103	18773	11324	8964.4	9274.7	5890.2	20864	38959	10629	20706	28990
5989.4	21755	17495	4069.4	11026	13134	18691	11242	8923.3	9055.5	5841.6	20624	38224	10635	20469	28567
6002.4	21770	17820	4089.2	11040	13230	19091	11315	8937.8	9123.2	5917.4	20734	38435	10745	20910	28853
5992.6	21592	17755	4087	11010	13114	18987	11337	8900.8	9021.9	5887.8	20748	37886	10708	20817	28717
6030.3	22058	17954	4101.9	11121	13324	19344	11445	9032.6	9285.8	5959.3	21042	39509	10812	21089	29218
5948.8	21464	17467	4042.6	10915	13094	18804	11184	8918	9040.7	5860.7	20255	37565	10646	20246	27955
5943.2	21503	17615	4074.9	10959	13193	19055	11253	8923.3	9187.5	5893.4	20277	37274	10630	20596	28077
5952.1	21548	17513	4049.7	10915	13164	18991	11287	8969.7	9201.3	5916.6	20483	37950	10705	20546	28185
6036	22079	17950	4108.5	11162	13464	19568	11505	9165.6	9327.8	5994.3	20990	39150	10853	20854	29031
6077.2	22171	18072	4131.2	11220	13415	19610	11541	9154.6	9134.1	5995.9	21132	39000	10874	21094	29284
6152.3	22776	18536	4185.5	11382	13657	20105	11773	9277.5	9531.2	6073.9	21835	41051	11105	21770	30450
6129.6	22584	18251	4165.3	11388	13659	19978	11773	9343.2	9446.6	6064	21567	40492	10948	21314	29794
6153.9	22733	18292	4160.8	11357	13671	19853	11698	9304	9391.1	6043.4	21543	40564	11006	21329	30033
6123.8	22541	18478	4175.9	11302	13633	20153	11764	9259.4	9340.4	6085.5	21528	39860	11061	21646	29836
6126.3	22895	18467	4163.6	11307	13758	20224	11758	9339	9587.7	6119.6	21562	41126	11148	21621	29861
6143	22846	18524	4187.2	11373	13761	20335	11798	9391.1	9590.6	6112.9	21567	40829	11127	21617	30007
6235.1	23286	18975	4238.1	11544	13925	20813	12097	9502.4	9687.3	6206.2	22462	42104	11324	22238	31132
6204.5	23494	19067	4244.4	11580	14079	21014	12055	9542.8	9743.6	6198.6	22038	42058	11298	22176	30672
6114.6	22300	18131	4161.9	11262	13554	19991	11826	9362.9	9558.7	6114.6	21513	39705	10985	21285	29383
6119.6	22536	18239	4152.4	11231	13650	20100	11750	9367.1	9505.3	6114.6	21445	39705	11088	21271	29350
6134.7	22749	18333	4187.7	11327	13751	20326	11965	9456.5	9666.7	6143.9	21825	40318	11107	21396	29853
6144.7	22701	18413	4177	11360	13829	20478	11939	9534.1	9771.9	6171.6	21602	40550	11164	21387	29726
6249.6	23647	19225	4259.2	11592	14196	21377	12290	9677	9813.8	6312.4	22568	42721	11496	22520	30779
6258.2	23855	19294	4271.3	11597	14262	21528	12306	9711	9910.5	6337.5	22547	43125	11483	22626	30770
6142.2	22808	18543	4202.4	11399	13849	20638	11947	9518.2	9863.5	6164.9	21469	40073	11180	21508	29625
6139.7	22906	18601	4200.7	11397	13908	20766	11985	9561.6	9863.5	6180.9	21450	40031	11193	21464	29541
6233.4	23398	18851	4256.9	11565	14125	20948	12214	9657.9	9816.8	6230	22028	41037	11273	21815	30450
6206.2	23314	18911	4242.7	11548	14105	21228	12143	9702.1	9964	6247.9	21936	41322	11353	21967	30275
6144.7	22717	18539	4184.9	11274	13800	20537	11900	9526.9	9694.7	6198.6	21353	39523	11200	21333	28974
6122.1	22695	18482	4193.9	11291	13913	20780	11975	9563	9863.5	6216.4	21343	39315	11206	21411	28990
6135.5	22499	18296	4199	11305	13775	20606	12053	9603.7	9927.3	6242.8	21706	39621	11161	21450	29063
6159.8	22637	18559	4225	11368	13957	20924	12073	9622.7	9788.3	6238.5	21494	39287	11198	21445	29136
6303.7	24202	19573	4310.4	11712	14509	22114	12441	9878.7	10160	6421.5	22631	42979	11650	22966	31197
6319.3	24113	19514	4304.1	11681	14459	22099	12534	9942.6	10043	6437.4	22900	43077	11645	22744	31041
6117.9	22410	18318	4180.4	11211	13783	20729	11969	9641.7	9757	6242	21228	38891	11148	21047	28512
6128.8	22610	18236	4190.5	11267	13913	20711	12073	9671.1	9915.1	6234.3	21499	39013	11186	21099	28797
6275.3	23762	19107	4305.8	11622	14352	21602	12444	9878.7	10117	6349.7	22384	41427	11464	22063	30521
6270.2	23884	19307	4290.2	11662	14412	21931	12400	9924.2	10077	6367.1	22166	41519	11558	22120	30284
6225.8	23319	18979	4259.8	11503	14173	21469	12251	9837.9	10182	6334.9	21911	40873	11447	21916	29810
6242	23119	18915	4265.5	11453	14120	21499	12366	9851.5	9939.5	6375.8	22140	40521	11477	21962	29400
6297.7	23739	19418	4327.2	11656	14368	22058	12587	9947.1	10234	6444.4	22706	41641	11641	22578	30761
6341	24072	19431	4331.3	11746	14472	22114	12591	10046	10416	6467.5	22722	42625	11675	22669	31087
6320.2	23937	19286	4296.6	11650	14412	21790	12423	9977.8	10194	6403	22331	41871	11633	22295	30707
6283.1	23625	19184	4302.3	11633	14326	21972	12513	9985.5	10127	6440	22321	40873	11560	22316	30292
6293.4	23902	19369	4324.3	11658	14540	22295	12626	10072	10175	6480.8	22515	41549	11658	22420	30197
6347.9	23989	19589	4337.7	11739	14501	22446	12660	10061	10186	6496	22663	41503	11681	22510	30743
6317.6	23762	19414	4330.2	11635	14448	22311	12705	10088	10426	6526.5	22857	41887	11739	22589	30301
6307.2	23849	19543	4339.5	11675	14591	22562	12692	10102	10258	6528.3	22547	41443	11704	22573	30336
6275.3	23745	19213	4303.5	11556	14448	22176	12568	10070	10215	6498.7	22394	41081	11671	22259	29734
6291.7	23803	19410	4327.8	11603	14538	22478	12632	10124	10557	6538.2	22420	41473	11698	22578	30033
6428.5	24631	20074	4393.4	11853	14748	23103	12957	10288	10607	6648.1	23590	43854	12033	23477	31493
6441.8	24552	19913	4387.5	11967	14808	23263	13040	10404	10575	6666.5	23602	43770	11939	23185	31699
6219	23174	18816	4264.4	11434	14257	21745	12469	10015	10198	6430.3	21851	39219	11438	21484	28877
6231.7	23108	18983	4283.9	11379	14196	21886	12492	10005	10212	6497.8	22012	39426	11590	21921	28749
6429.4	24903	20061	4389.2	11947	14986	23314	13028	10496	10771	6663.8	23392	44414	12031	23092	31605
6451.5	24674	20056	4406.3	11855	14821	23297	13051	10411	10641	6708.1	23722	43837	12093	23426	31437
6339.2	23786	19472	4345.9	11643	14462	22446	12727	10198	10587	6571.6	22733	41276	11802	22515	30127
6355.8	24214	19402	4348.2	11677	14559	22431	12740	10272	10413	6583.3	22787	41810	11835	22399	30058
6398.6	24244	19606	4381.6	11775	14654	22906	12948	10380	10466	6663.8	23224	42498	11892	22922	30645
6410	24250	19750	4384.5	11773	14681	23064	12997	10393	10579	6683.1	23314	42261	11933	22835	30743
6391.6	24479	19577	4371	11744	14756	22658	12836	10340	10496	6607	22841	42042	11882	22510	30477
6336.6	23757	19481	4364	11645	14561	22862	12875	10296	10555	6629.8	22792	40726	11806	22520	30050
6386.3	24454	19636	4378.1	11771	14748	23020	12955	10413	10478	6657.3	22911	41856	11851	22701	30319
6433.8	24527	20035	4408.1	11849	14808	23398	12990	10426	10539	6702.5	23147	41995	11963	23064	30842
6401.2	24545	19917	4399.3	11779	14879	23460	13069	10501	10901	6755.6	23336	42914	12053	23125	30699
6471.1	24953	19956	4420.5	11967	15086	23602	13187	10651	10721	6750.9	23602	43753	12045	22993	31142
6298.6	23619	19213	4330.2	11528	14525	22626	12727	10315	10434	6618.8	22243	39903	11729	22022	28918
6364.5	24352	19793	4365.7	11702	14813	23364	12941	10517	10614	6730.4	22884	42120	12005	22605	30041
6513	25470	20524	4469.4	12051	15269	24370	13394	10764	10915	6879.4	24060	44865	12315	23751	31756
6509.4	25431	20402	4464.6	12073	15277	24226	13431	10802	10869	6859.4	23989	44674	12249	23665	31718
6320.2	23762	19282	4337.7	11507	14501	22658	12740	10354	10519	6662.8	22363	40623	11820	22171	29006
6347.9	23849	19402	4349.4	11567	14588	22873	12849	10427	10506	6694.2	22536	40682	11853	22264	29161
6520.2	25659	20706	4476	12073	15441	24588	13427	10815	11006	6891.9	23843	44726	12371	23797	31652
6520.2	25308	20565	4487.4	12095	15277	24613	13566	10838	11150	6914.9	24232	44209	12339	23774	31966
6349.7	23849	19323	4372.2	11631	14638	22862	12924	10473	10867	6693.3	22510	40274	11873	22259	29583
6378.4	23983	19568	4392.2	11658	14599	23020	12970	10452	10599	6727.6	22760	40346	11918	22541	29558
6572.5	25705	20628	4509.1	12171	15366	24527	13587	10922	11256	6939	24352	45254	12416	24066	32431
6575.2	25897	20656	4512.8	12200	15472	24539	13592	10973	11184	6922.6	24178	45236	12373	23693	32081
6381.9	23983	19661	4387.5	11670	14636	23158	12957	10480	10647	6744.4	22647	40116	11933	22488	29583
6379.3	24137	19451	4376.3	11626	14727	23031	12990	10580	10791	6773.4	22938	40844	12043	22331	29499
6502.3	24997	20379	4476.6	11975	15198	24298	13446	10812	11145	6911.1	23722	43044	12319	23522	31335
6509.4	25379	20308	4478.4	12021	15309	24280	13467	10900	11066	6894.7	23682	43404	12292	23258	31142
6461.3	24619	19952	4444.3	11841	14909	23757	13251	10754	10959	6870.8	23494	41995	12173	23158	30574
6442.7	24705	20061	4429.4	11789	15022	23925	13205	10776	10912	6887.1	23258	42371	12243	22966	29981
6513.9	25219	20424	4464	12015	15329	24406	13431	10994	11193	6940.9	23699	43887	12371	23269	31078
6524.7	25399	20344	4493.4	12003	15269	24394	13519	10983	11173	6973.8	24143	44039	12404	23499	31169
6459.5	24723	20087	4431.2	11830	15063	24025	13260	10872	10980	6923.6	23347	42578	12271	22917	30188
6452.4	24785	20078	4445.5	11853	15139	24107	13355	10905	11204	6931.3	23443	42403	12292	22966	30494
6540.9	25639	20766	4489.8	12097	15504	24922	13611	11102	11416	7031.4	23931	44397	12519	23533	31428
6574.3	25639	20915	4524.9	12139	15502	25302	13753	11089	11265	7068.8	24286	44005	12538	23931	31747
6537.3	25373	20424	4512.2	12057	15311	24527	13623	11022	11236	7003.1	23954	43355	12400	23613	31456
6522.9	25276	20321	4470	11975	15331	24466	13519	11063	11148	7005	23722	43404	12416	23202	30699
6434.7	24418	19746	4447.3	11746	14859	23539	13274	10790	11123	6891.9	23053	41037	12147	22841	29675
6414.4	24400	19823	4427.7	11731	15000	23925	13341	10875	11188	6948.6	23042	41051	12190	22787	29424
6624.3	26365	21070	4561.4	12302	15842	25620	14044	11320	11563	7140.3	24723	45558	12675	24143	32120
6640.8	26276	21033	4566.9	12302	15734	25600	14117	11364	11531	7188.5	24953	45884	12699	24310	32217
6416.2	24352	19879	4446.7	11737	15058	23943	13436	10848	11191	6937.1	22889	40550	12182	22728	29491
6449.8	24779	20056	4453.9	11835	15091	24101	13368	10924	11015	6947.7	22911	41276	12253	22765	29684
6653.6	26545	21146	4566.9	12306	15920	25851	14145	11410	11592	7206.6	24878	45939	12751	24214	32100
6662.8	26317	21300	4585.9	12302	15767	25931	14137	11315	11399	7204.6	24804	44918	12768	24539	32187
6552.6	25535	20601	4508.5	11991	15400	24798	13666	11127	11366	7082.7	23734	43109	12521	23562	30699
6541.8	25522	20429	4505.5	12033	15519	24922	13851	11207	11408	7115.4	23919	43060	12486	23409	30530
6603.3	26065	20651	4530.9	12127	15719	25174	13972	11335	11586	7161.3	24448	44466	12666	23722	31206
6594.2	25991	21014	4545.5	12121	15758	25751	13979	11386	11647	7230.9	24172	44260	12714	24060	31105
6598.8	25771	20542	4532.2	12101	15572	24985	13920	11311	11462	7156.3	24298	43753	12602	23562	30968
6559.8	25672	20506	4524.3	12095	15607	25073	13972	11294	11563	7147.3	24137	43256	12576	23505	30914
6638	25984	21085	4576.1	12161	15642	25496	14052	11315	11556	7216.7	24582	43955	12779	24214	31465
6646.3	26337	20924	4565.1	12208	15692	25302	14004	11392	11522	7202.6	24454	44708	12785	24202	31437
6688.7	26635	21300	4592.1	12313	15944	25818	14074	11462	11612	7251.2	24479	44988	12882	24334	31899
6670.2	26621	20971	4576.1	12280	15917	25653	14183	11533	11647	7268.6	24773	45343	12822	24048	31530
6540	25270	20460	4506.1	12013	15484	24847	13778	11324	11618	7151.3	23567	42498	12549	23147	30188
6542.7	25238	20610	4537	11979	15548	25187	13871	11247	11573	7193.5	23716	41980	12619	23722	30415
6638	26406	21161	4582.2	12167	15827	25857	14064	11473	11785	7314.7	24545	45076	12897	24497	31326
6655.5	26167	21175	4600.7	12271	15839	26065	14239	11503	11595	7303.4	24736	43971	12864	24316	31870
6736	27169	21691	4636.6	12511	16215	26684	14355	11733	12127	7381.9	25054	46775	13116	24922	32560
6735.1	26833	21597	4622.9	12410	16070	26593	14420	11712	12089	7424.7	25386	46307	13139	24922	32314
6555.3	25386	20197	4501.3	11933	15455	24619	13712	11337	11781	7182.4	23786	42356	12645	23191	29990
6570.7	25659	20569	4547.4	12083	15680	25296	14019	11432	11744	7239	23884	42609	12643	23539	30354
6685	26776	21421	4618	12263	16030	26235	14229	11582	12065	7387.1	24625	44813	13042	24643	31690
6702.5	26762	21208	4608.1	12313	15969	26092	14306	11677	11890	7391.3	24903	45378	12984	24436	31484
6731.3	27198	21805	4654	12441	16360	27220	14580	11888	12249	7509.1	25232	46907	13191	25168	32275
6753.7	27271	21533	4640.3	12515	16341	26776	14585	11890	11961	7442.6	25296	46624	13073	24631	32217
6589.7	25457	20506	4523.7	12009	15507	24791	13790	11392	11708	7210.7	23488	42151	12671	23330	30258
6597	25463	20560	4543.7	12025	15481	25162	13917	11455	11828	7280.8	23896	42136	12722	23642	30162
6661.9	26248	21237	4619.8	12241	15938	26420	14415	11715	12001	7447.8	25041	44380	13049	24545	31078
6723.9	26769	21256	4641.6	12375	16141	26180	14370	11756	12184	7396.5	24822	44848	12997	24334	31899
6686.8	26413	20934	4603.8	12233	15851	25685	14178	11689	12071	7367.4	24613	44535	12961	24310	31224
6708.1	26475	21023	4616.7	12292	15893	25818	14239	11746	12043	7386.1	24699	44813	12975	24382	31289
6743.5	27097	21295	4635.3	12383	16119	26228	14396	11837	12249	7452	25079	45866	13130	24656	31747
6699.8	26783	21543	4631	12335	16221	26875	14477	11859	12210	7531.5	24885	44936	13150	24705	31344
6778.1	27454	21931	4672.8	12528	16484	27595	14759	12089	12379	7613.1	25607	47328	13345	25213	32639
6817.7	27691	21906	4672.1	12551	16471	27176	14705	12039	12339	7598	25738	47386	13385	25187	32799
6656.4	26337	21161	4597.6	12206	16002	26296	14350	11764	11947	7474.2	24503	43870	13046	24202	30574
6663.8	26379	21165	4598.8	12204	15932	26160	14311	11756	11888	7467.8	24430	44175	13044	24184	30592
6765	27329	21617	4686.6	12502	16341	26840	14740	11987	12237	7529.4	25296	45684	13175	24779	32294
6763.1	26975	21755	4675.3	12402	16162	26861	14692	11882	12027	7555	25334	44953	13246	24928	31775
6713.7	26228	21118	4613	12218	15860	26099	14422	11785	11910	7486.9	24723	43887	13075	24268	30923
6659.2	26248	20920	4601.9	12249	15990	26085	14462	11804	11900	7448.9	24406	43125	12937	23849	30779
6623.4	25871	20628	4582.2	12091	15839	25666	14308	11723	12083	7438.4	24149	42435	12844	23573	29998
6639	26201	20920	4601.9	12121	15914	25877	14237	11691	12011	7448.9	23937	42371	12935	23995	30205
6869.9	27842	22222	4730.1	12716	16619	27940	15047	12210	12576	7695.7	25891	47002	13464	25567	33051
6830.9	28054	22191	4715.5	12634	16746	27864	14964	12218	12298	7702.3	25561	47251	13469	25548	32461
6852.7	28047	22022	4711.7	12628	16596	27498	14953	12245	12731	7697.9	25924	47541	13516	25347	32451
6835.6	28009	22311	4714.3	12686	16759	27932	14944	12286	12498	7688.1	25515	46983	13535	25302	32431
6797.8	27624	22068	4711.1	12543	16612	27849	14961	12208	12581	7746.3	25528	46400	13483	25476	31927
6826.2	27454	21651	4682.2	12534	16480	27140	14821	12218	12589	7684.8	25626	46418	13443	24972	31975
6792.2	26904	21548	4679	12528	16312	27162	14840	12141	12208	7663	25251	44830	13223	24773	31512
6780	27461	21805	4685.3	12441	16448	27133	14705	12105	12300	7659.7	24985	45504	13417	24922	31381
6628.9	25798	20873	4623.6	12147	15944	26079	14464	11804	12263	7527.2	24019	41671	12961	23867	29998
6676.7	26005	20766	4621.7	12210	15887	25844	14420	11873	11971	7504.9	24072	42466	12941	23843	30179
6800.7	27714	22094	4707.3	12566	16583	27617	14840	12202	12450	7700.1	25086	45504	13450	25111	31766
6830.9	27513	21726	4688.4	12547	16528	27220	14909	12292	12513	7736.4	25580	46085	13478	24960	31861
6678.5	26180	20990	4631.6	12153	16014	26187	14572	11937	12389	7600.1	24436	42769	13157	24196	29913
6730.4	26614	21104	4639.1	12257	16144	26289	14588	12029	12247	7635.8	24742	43736	13248	24322	30583
6737.9	26996	21602	4685.9	12389	16423	27220	14843	12155	12323	7712.2	24835	44294	13306	24785	30968
6806.3	27082	21489	4698.5	12515	16353	26889	14821	12214	12278	7684.8	25022	44587	13292	24847	31437
6902.4	28520	22515	4762.5	12792	17015	28725	15303	12645	12860	7917.5	26207	48898	13800	25804	32749
6943.8	28472	22647	4783.6	12855	16994	28654	15349	12513	12836	7889.2	26262	47347	13778	25991	33122
6708.1	26214	21208	4659	12194	15978	26344	14575	11959	12196	7657.5	24539	42514	13228	24364	30084
6690.5	26241	21094	4647.8	12224	16110	26524	14670	12083	12471	7678.2	24729	42689	13237	24202	30076
6730.4	26833	21358	4678.4	12325	16375	26911	14735	12184	12543	7732	24736	43603	13355	24545	30415
6775.3	27011	21587	4687.8	12431	16391	27003	14713	12226	12298	7724.3	24748	44243	13378	24668	30959
6832.8	27699	22033	4734.5	12604	16661	27662	14975	12377	12647	7797.3	25308	45504	13566	25181	31804
6859.4	27827	21805	4730.7	12587	16570	27256	15005	12377	12448	7785.1	25470	45811	13571	25168	31624
